-2.992524041419791225e-01,
-3.186237853382609675e-01,
-3.304802235549803013e-01,
-3.368806940473749734e-01,
-3.390906702433690301e-01,
-3.369712331174645747e-01,
-3.343061059030786875e-01,
-3.325131493733601840e-01,
-3.348614481201309667e-01,
-3.398350967629216735e-01,
-3.485534663467477756e-01,
-3.646061546581822466e-01,
-3.898793084374039264e-01,
-4.260316259212065249e-01,
-4.747972215799828311e-01,
-5.368519018355325523e-01,
-6.029743953916237853e-01,
-6.657034947610774855e-01,
-6.999999999999999556e-01,
-6.951053389545460703e-01,
-6.825869371419943654e-01,
-6.824103432614838649e-01,
-6.790004242307394744e-01,
-6.881857946817268035e-01,
-6.999927740150564404e-01,
-6.994051704717769713e-01,
-6.825608717299553874e-01,
-6.284525269121422619e-01,
-5.451289112801768200e-01,
-4.470585133518719667e-01,
-3.440305148541449309e-01,
-2.476087660919626399e-01,
-1.830300025907517780e-01,
-1.446335260412573709e-01,
-1.101898781846353120e-01,
-1.242082800936905596e-01,
-1.650161549081278767e-01,
-2.234454319567670266e-01,
-3.176012783294130948e-01,
-4.042023874222521740e-01,
-4.727662429191928362e-01,
-5.260608433362848890e-01,
-5.630633908180973091e-01,
-6.141146133250338091e-01,
-6.822352641476683299e-01,
-6.999999999999999556e-01,
-6.820546234442445011e-01,
-6.655268490687396010e-01,
-6.521622404308252685e-01,
-6.365445524392523424e-01,
-6.111080140279721018e-01,
-5.754189636629662985e-01,
-5.550380254496835031e-01,
-5.569114529573903072e-01,
-5.780243987547997175e-01,
-6.116143649303928953e-01,
-6.501945248937475164e-01,
-6.884019797043340327e-01,
-6.987503800665803011e-01,
-6.831965622823379380e-01,
-6.470685810205673016e-01,
-5.981375292214432537e-01,
-5.400284023817195633e-01,
-4.754117592427718475e-01,
-4.063935924788362741e-01,
-3.347272640709623714e-01,
-2.621218953818050257e-01,
-1.902749031348467956e-01,
-1.207336416367443127e-01,
-5.488046719750263452e-02,
5.962926591746658088e-03,
6.095643956554970544e-02,
1.092308820253798524e-01,
1.493442351294792803e-01,
1.794219935089505502e-01,
1.970438395293224454e-01,
1.994605720817307359e-01,
1.837578771527201005e-01,
1.472393055052557964e-01,
8.862461566593624052e-02,
1.826994098730278654e-02,
-6.107494315279481806e-02,
-1.271505257313891302e-01,
-1.601137996093903171e-01,
-2.073250266904078931e-01,
-2.617459656325323292e-01,
-3.137311071080191027e-01,
-3.623123601084659029e-01,
-4.188333327760239144e-01,
-4.961759714274622257e-01,
-5.811840069418883203e-01,
-6.354901058930593205e-01,
-6.521686461922334699e-01,
-6.632109270080850383e-01,
-6.683246263009745558e-01,
-6.731610197448307797e-01,
-6.817098695757008997e-01,
-6.914257101431217079e-01,
-6.990147194154350263e-01,
-6.999999999999999556e-01,
-6.884134231017051686e-01,
-6.558917194600455414e-01,
-5.912911319239287922e-01,
-4.849810477769877504e-01,
-3.254110284742310899e-01,
-9.764828571099180843e-02,
2.065043314195544877e-01,
4.965369187518823280e-01,
6.554814651801070813e-01,
6.999982367073640521e-01,
6.980338872481317569e-01,
6.387736890603602502e-01,
3.948971206019225577e-01,
1.827527796183307449e-02,
-2.804382652397032216e-01,
-4.754039495691655959e-01,
-6.009094093619673504e-01,
-6.723164120000381105e-01,
-6.999999999999999556e-01,
-6.910025891243587459e-01,
-6.490025275280507655e-01,
-5.754010839148901990e-01,
-4.698305362842815636e-01,
-3.274897058329654942e-01,
-1.721644078231969743e-01,
-2.431011250532820120e-02,
1.142143226664685957e-01,
2.442151550573158914e-01,
3.624436231823712773e-01,
4.571583163545234751e-01,
5.301977957871677472e-01,
5.848232558260032521e-01,
6.244044858733437398e-01,
6.505327789512013181e-01,
6.567159916714472301e-01,
6.438201893147504906e-01,
6.143270275199651520e-01,
5.717226735343821087e-01,
5.218726072007232597e-01,
4.691988970677269943e-01,
3.993923546488882259e-01,
3.075510492720471278e-01,
1.991491400709451132e-01,
8.597662307350865951e-02,
-1.789818950853241594e-02,
-1.070290772265323764e-01,
-1.851229699675131235e-01,
-2.480190974558332817e-01,
-2.882045974279615064e-01,
