3.985237498983392745e-01,
3.961774540874161699e-01,
3.958443790533597295e-01,
3.948194324530814314e-01,
3.950263014637381831e-01,
3.960089682104063202e-01,
3.968114461079481070e-01,
3.964274169243225954e-01,
3.950825274455456726e-01,
3.958447052136684907e-01,
3.971259229980370620e-01,
3.978194920588653538e-01,
3.987412753738342475e-01,
4.001096385839946201e-01,
3.957754728322973037e-01,
3.854589308723551655e-01,
3.565836828377952350e-01,
3.104613032670717199e-01,
3.215127155238655665e-01,
3.715175010688730461e-01,
3.765191466795759223e-01,
3.778566720583630412e-01,
3.854684255335373289e-01,
3.665782899251328608e-01,
3.508825996429141281e-01,
3.329165412110604572e-01,
3.404543635300077975e-01,
3.807642007108139048e-01,
4.080816794684593574e-01,
4.229079842560219404e-01,
4.328929217852234279e-01,
4.284595016703274251e-01,
4.160908380706584420e-01,
4.160544988474846329e-01,
4.192215746610444826e-01,
4.226693901143900312e-01,
4.386565403403776542e-01,
4.534363359424957718e-01,
4.508936896546945072e-01,
4.566160198589733765e-01,
4.642024164138036646e-01,
4.879915572560407089e-01,
5.242244813025755956e-01,
4.849041957742227238e-01,
4.326534500573221975e-01,
4.748913704023413063e-01,
5.093504368026177120e-01,
5.032667872726783731e-01,
4.896845398696192397e-01,
4.796278432338306197e-01,
4.911175928568522475e-01,
5.019148653709063490e-01,
4.947697769200401496e-01,
4.837483473959420799e-01,
4.712489164432271949e-01,
4.595403821709501679e-01,
4.254989264596725773e-01,
3.894872574104827345e-01,
3.864757176226259472e-01,
3.941470684195727547e-01,
3.997539169409598525e-01,
4.010269584903307094e-01,
4.019368528882626412e-01,
4.025759346973411534e-01,
4.029417019969668834e-01,
4.030106877803377174e-01,
4.027755221686304399e-01,
4.022734192635588069e-01,
4.015590769412171190e-01,
4.006839134182104689e-01,
3.998253977585271013e-01,
3.990040269658827188e-01,
3.981367202485828205e-01,
3.972808771089108015e-01,
3.965529025816762476e-01,
3.961771990953653622e-01,
3.964749469944953142e-01,
3.980518847115926961e-01,
4.021004422459655836e-01,
4.040583106788619427e-01,
4.013943328845093195e-01,
3.893001621584285532e-01,
3.855956748020279434e-01,
3.919319274612508286e-01,
3.869243193219144561e-01,
3.808281206036524535e-01,
3.820648355986726585e-01,
3.930633944487159637e-01,
3.999655829271527296e-01,
3.725948413268438952e-01,
3.244558192574473754e-01,
3.312643565320351757e-01,
3.605231904801247667e-01,
3.688143121240749500e-01,
3.798096484059018119e-01,
3.847793520274416235e-01,
3.846585161763338423e-01,
3.844799143203558867e-01,
3.843581645236242572e-01,
3.843385771278142182e-01,
3.849875077006977842e-01,
3.925357245461699729e-01,
4.089270693752379837e-01,
4.310186578598679819e-01,
4.610392852291545496e-01,
4.897339407700787017e-01,
4.291995067654360008e-01,
2.558439755118266934e-01,
1.254770069031106161e-01,
8.057868882967821056e-02,
1.113246801758544235e-01,
3.211214235464656119e-01,
5.163807850243937736e-01,
4.965626968666155272e-01,
4.457129387248107144e-01,
4.221214642570750297e-01,
4.081392969118903258e-01,
4.000353326572513302e-01,
3.956772118572831065e-01,
3.944875543261577855e-01,
3.967474165149962873e-01,
4.032870393964460565e-01,
4.242496903742225545e-01,
4.377034240325071157e-01,
4.293980430339082166e-01,
4.165173479021492264e-01,
4.042076311614234974e-01,
3.862309821388875686e-01,
3.645985485827517580e-01,
3.508182006018970567e-01,
3.433167984957998797e-01,
3.394367479891491901e-01,
3.297395812569078322e-01,
3.207235287395856504e-01,
3.239537115874343010e-01,
3.336195058842011951e-01,
3.467212843224680707e-01,
3.581099852352941926e-01,
3.561104599725804509e-01,
3.559664169800062505e-01,
3.719445147786029637e-01,
3.915365503233147471e-01,
4.048212908664971521e-01,
4.082971326757728892e-01,
4.070916331578633973e-01,
4.052103206224312859e-01,
3.989519252009195993e-01,
3.925404258012764602e-01,
2.224185679998051390e-01,
