4.900693212049112013e-02,
3.931574886650923695e-02,
2.305352405635585633e-02,
1.088792958560813595e-02,
1.154678036379142014e-04,
-6.046734511466311801e-03,
-5.624338282149921042e-03,
7.009979019598766570e-04,
9.249478511370146094e-03,
1.731410869756278004e-02,
3.124344031622117157e-02,
5.201124301820203577e-02,
7.719551678644664960e-02,
1.065121980749834663e-01,
1.396860840396809689e-01,
1.645604208991489070e-01,
1.726804372010164457e-01,
1.395846971451750740e-01,
4.882296417946463407e-02,
-2.000803685221286266e-02,
-1.675841463613392257e-02,
-4.705513704257757723e-03,
7.776187315169602599e-03,
2.718826516752748113e-02,
1.447909798960833605e-02,
-2.761647096049268946e-02,
-1.049333020585745402e-01,
-1.884235003673919717e-01,
-2.313803658295539023e-01,
-2.447529560658168180e-01,
-2.361634766081748271e-01,
-1.880932004534301427e-01,
-1.209220402027657570e-01,
-8.797668141258285779e-02,
-2.531672544826490956e-02,
6.493554193985273670e-02,
1.128551509057107438e-01,
1.699084611092682717e-01,
2.022243450073677451e-01,
1.712006093275806329e-01,
1.318001239021353577e-01,
9.143638045900681632e-02,
8.070710716376838789e-02,
1.255234462933607631e-01,
9.898959014756547603e-02,
-4.084845878526977003e-03,
-4.004024631507752119e-02,
-2.863272618416257131e-02,
-2.716134177121976023e-02,
-4.099945108155456097e-02,
-6.488598747682816636e-02,
-5.864141711936543544e-02,
-1.737349621949046963e-02,
2.548944400687958023e-02,
5.933533558214310055e-02,
7.916916441976074026e-02,
8.959356448045308063e-02,
6.033373114380236046e-02,
-6.758971347693210063e-03,
-6.618814642559578409e-02,
-1.073496610834681064e-01,
-1.340809029744862713e-01,
-1.534481209292828385e-01,
-1.668829845198662731e-01,
-1.755525679435954167e-01,
-1.799779240799099789e-01,
-1.802430296569732526e-01,
-1.765427544095927725e-01,
-1.692439878399811803e-01,
-1.585941132611881077e-01,
-1.452174778233543684e-01,
-1.296418742452107864e-01,
-1.111157511857590041e-01,
-8.836673739481248901e-02,
-6.013163814643851524e-02,
-2.528547649802592723e-02,
1.676672805155732249e-02,
6.579734964092276428e-02,
1.192465217130140864e-01,
1.607330880230666281e-01,
1.867867723300715710e-01,
1.838094232137568174e-01,
1.279825643184333561e-01,
1.038256483783492889e-01,
1.305780685895445714e-01,
1.386274688245721087e-01,
1.323582361310446931e-01,
1.365016536531802327e-01,
1.697385487216331867e-01,
2.105098880935452055e-01,
1.953312961394160219e-01,
1.101353668850926226e-01,
4.345097444911427687e-02,
2.270451448194421573e-02,
1.377153319101376283e-02,
1.764069289226410930e-02,
2.373786709050618171e-02,
2.249841605778035714e-02,
1.115145851003962463e-02,
-1.379640195365849920e-02,
-5.738782526911023751e-02,
-1.252199955525767905e-01,
-2.150374751803543205e-01,
-3.227320300402372055e-01,
-4.506289059306087807e-01,
-5.956508816816148411e-01,
-6.934679328776141016e-01,
-6.608672703654874248e-01,
-4.638618438312942516e-01,
-1.266691243757709362e-01,
2.811099524449586218e-01,
6.259237110921616054e-01,
7.858624453765397089e-01,
7.307921146116097555e-01,
5.545246951133555591e-01,
3.795588515329166301e-01,
2.400453010127269748e-01,
1.231430076380062300e-01,
2.352023117775345687e-02,
-6.465098403366767443e-02,
-1.467463683446841305e-01,
-2.260048883437787148e-01,
-3.043874328536101403e-01,
-3.530771453489645051e-01,
-3.567804208622715745e-01,
-3.445881301959279330e-01,
-3.325493965911515692e-01,
-3.180312483134824508e-01,
-2.854303683899421240e-01,
-2.353778298615997189e-01,
-1.843914229220596779e-01,
-1.382121500676615211e-01,
-9.714399434251719256e-02,
-4.833086545333120654e-02,
9.881493683610909073e-03,
6.313565200892501394e-02,
1.045715766128620938e-01,
1.304008773070259863e-01,
1.444648180722678532e-01,
1.732947068339585339e-01,
2.222947631955425329e-01,
2.635859752954767821e-01,
2.810654706114550372e-01,
2.700511395628530931e-01,
2.390050129658118916e-01,
2.073897566442428619e-01,
1.762770490686278446e-01,
1.305568289317897701e-01,
8.349127262416922157e-02,
