5.970967512858073312e-02,
4.709778075149967380e-02,
3.475257107975394250e-02,
2.363761498009350412e-02,
1.311478213723576806e-02,
3.459426963377632697e-03,
-5.572819726606089222e-03,
-1.409468834082823821e-02,
-2.267601196250570300e-02,
-3.222977642022154671e-02,
-4.192972691347484487e-02,
-5.144655449936803848e-02,
-6.158568720609224750e-02,
-7.186393113391384424e-02,
-8.257467668747428546e-02,
-9.211421386731470651e-02,
-1.007893665503959285e-01,
-1.057153051356178042e-01,
-1.098329562057352576e-01,
-1.116660216326210292e-01,
-1.105740655467073175e-01,
-1.062536051566131817e-01,
-9.916444208497707247e-02,
-8.823705157205624650e-02,
-7.286435462310379696e-02,
-5.427732890814015998e-02,
-3.194554467824805427e-02,
-7.009616144546753670e-03,
2.140286203324863468e-02,
5.273734563508253315e-02,
8.783233541328694383e-02,
1.249882164967555664e-01,
1.634342201138329620e-01,
2.017921925698090424e-01,
2.390007449847127707e-01,
2.739547728313508901e-01,
3.049264202055335105e-01,
3.306555680015839105e-01,
3.498573203391009412e-01,
3.621195177639604523e-01,
3.655690731944760685e-01,
3.626152536064918830e-01,
3.551660240696259407e-01,
3.426947289553446407e-01,
3.289314600621910945e-01,
3.200387796661875450e-01,
3.201183286672914519e-01,
3.233892845124325399e-01,
3.255283705100845970e-01,
3.242875517261460949e-01,
3.189058623279529270e-01,
3.068145333606983050e-01,
2.869260798249280153e-01,
2.626748523388661716e-01,
2.364554751956709222e-01,
2.095542914252492839e-01,
1.822244489673906231e-01,
1.543526100680022162e-01,
1.278133524585369218e-01,
1.032740439151321743e-01,
8.055013976070544979e-02,
6.019383886758766095e-02,
4.346005794947942896e-02,
3.039147383623137105e-02,
1.964629549467905578e-02,
9.264215719794377871e-03,
-1.020678090488233132e-03,
-1.043542797305242395e-02,
-1.893490355717820928e-02,
-2.718451540262237578e-02,
-3.544184289907527374e-02,
-4.395330420855777381e-02,
-5.323973227821408860e-02,
-6.538160527402005207e-02,
-8.110675272469282382e-02,
-9.895041081593944354e-02,
-1.175617172903700020e-01,
-1.337726812125081544e-01,
-1.462039434679895389e-01,
-1.557254882621003089e-01,
-1.622299965897812946e-01,
-1.663084634312786414e-01,
-1.673178781433455886e-01,
-1.663908296693134559e-01,
-1.631202201718814915e-01,
-1.573106533479176616e-01,
-1.486128281344896163e-01,
-1.391437708498502179e-01,
-1.299032046719903188e-01,
-1.210999547014606353e-01,
-1.132604443475497408e-01,
-1.063493552592556374e-01,
-9.976993181425895807e-02,
-9.190549282774206075e-02,
-8.124960345928693151e-02,
-6.809073020511553775e-02,
-5.133022650067753379e-02,
-2.904791785157437300e-02,
1.327705052680809355e-03,
4.188042371208466896e-02,
9.608017990553967269e-02,
1.576378207006228216e-01,
2.235534197130958634e-01,
2.904300673668473443e-01,
3.519648349071122229e-01,
3.989502240888814777e-01,
4.224481835976359179e-01,
4.186365003736483015e-01,
3.987033151984323842e-01,
3.851987854527442190e-01,
3.907752388561130386e-01,
4.206654608396856454e-01,
4.494575167301378404e-01,
4.565774948712625902e-01,
4.303088195445596287e-01,
3.840570608343575332e-01,
3.325456353228479212e-01,
2.820728948447059348e-01,
2.366978648832432641e-01,
2.045155985293525547e-01,
1.817090587014113245e-01,
1.652982241648259798e-01,
1.535526547362460748e-01,
1.456771454327239479e-01,
1.420630733383933253e-01,
1.420797033376468288e-01,
1.442721439065447475e-01,
1.476096669169697506e-01,
1.519218710045568410e-01,
1.567576044499735255e-01,
1.613217971222738467e-01,
1.655751978580028982e-01,
1.699954848718732703e-01,
1.729517270556384934e-01,
1.767334094625674368e-01,
1.776396459668732053e-01,
1.784229747252956411e-01,
1.767711507235052437e-01,
1.731276352065806434e-01,
1.668163830976764073e-01,
1.587700763140598159e-01,
1.512519716387040192e-01,
1.440955027512291764e-01,
1.365428218687880224e-01,
1.268973333730431530e-01,
1.156282655782146090e-01,
1.030740353333285259e-01,
8.850770396506442428e-02,
7.316716730927366741e-02,
