1.129317999999999955e+01,
9.028180000000000760e+00,
1.118567854511621107e+01,
9.409309160781313963e+00,
1.107817709023242259e+01,
9.790438321562628943e+00,
1.097067563534863766e+01,
1.017156748234394392e+01,
1.086364347334482083e+01,
1.055282870024865360e+01,
1.075881543896624137e+01,
1.093470182473939722e+01,
1.065398740458766369e+01,
1.131657494923014262e+01,
1.054915937020908423e+01,
1.169844807372088624e+01,
1.044247808881712736e+01,
1.207980762079218096e+01,
1.033667841681402955e+01,
1.246141269066211699e+01,
1.023214112284403932e+01,
1.284336550797463694e+01,
1.012692344728559135e+01,
1.322513145819875824e+01,
1.002067827908224196e+01,
1.360661273458644871e+01,
9.913406009568664246e+00,
1.398780646511574410e+01,
9.805107045170686320e+00,
1.436870977871678612e+01,
9.695921455736788985e+00,
1.474935988967616396e+01,
9.594797073902588735e+00,
1.513223043334794937e+01,
9.507163897002943287e+00,
1.551841231981614655e+01,
9.459692607197444758e+00,
1.591155660000527838e+01,
9.472189455030829208e+00,
1.630735920488112356e+01,
9.509077557151593751e+00,
1.670163748076706867e+01,
9.549699878374619644e+00,
1.709554844253396055e+01,
9.609027694236372596e+00,
1.748707904420618320e+01,
9.670557128609159392e+00,
1.787826969920774189e+01,
9.741990756260385353e+00,
1.826777339857796889e+01,
9.836516986550527974e+00,
1.865232631050085743e+01,
9.957460713231697014e+00,
1.902940536530268290e+01,
1.012095509989140041e+01,
1.939007916012024779e+01,
1.030755583962008615e+01,
1.973935865874979001e+01,
1.049919910317778893e+01,
2.008589705156548177e+01,
1.068449856181567803e+01,
2.043586858655659100e+01,
1.084901743750868519e+01,
2.079607618523834134e+01,
1.096609780501175457e+01,
2.117437261867874199e+01,
1.103390229178237192e+01,
2.156452457764383368e+01,
1.106572546413397440e+01,
2.195924377704568897e+01,
1.101161218785025753e+01,
2.235152919701296526e+01,
1.088901327423411480e+01,
2.272807324885233982e+01,
1.070587440453738459e+01,
2.307918013007653002e+01,
1.044875860328520822e+01,
2.338035696423659715e+01,
1.015209521665467207e+01,
2.364266753633936702e+01,
9.826145986936538179e+00,
2.386755214388348278e+01,
9.473393999629507789e+00,
2.404750224723394325e+01,
9.100423417001451298e+00,
2.418057726060467516e+01,
8.708330249039972770e+00,
2.423606479873216557e+01,
8.313749028276980368e+00,
2.420257359887444792e+01,
7.920951953749989727e+00,
2.415230970321377768e+01,
7.532038977792514522e+00,
2.407772684481080105e+01,
7.160860739857492163e+00,
2.393973154505692946e+01,
6.818304214483933201e+00,
2.374105827139344527e+01,
6.510703458883174477e+00,
2.349166333151989505e+01,
6.239280682372203124e+00,
2.320331332717169204e+01,
6.008093345344925673e+00,
2.288180374201953526e+01,
5.840432220284031750e+00,
2.252304793347354206e+01,
5.742641168796824402e+00,
2.213931235655428864e+01,
5.710445617117676953e+00,
2.174462317882680651e+01,
5.733738464936878998e+00,
2.134930881198158659e+01,
5.800150319307938673e+00,
2.095891727819890704e+01,
5.900354344096746750e+00,
2.057580481723880439e+01,
5.999829878758887958e+00,
2.019250256296137280e+01,
6.092713595243110625e+00,
1.980754981639494972e+01,
6.181262384659683029e+00,
1.942157687448257164e+01,
6.270205242947078261e+00,
1.903569455050357107e+01,
6.359686830394803536e+00,
1.864993679554887152e+01,
6.449706935728086066e+00,
1.826430435314323475e+01,
6.540265342500227952e+00,
1.787879796543619193e+01,
6.631361829100548277e+00,
1.749341837317784609e+01,
6.722996168762595204e+00,
1.710816631569478830e+01,
6.815168129572628963e+00,
1.672304253086612746e+01,
6.907877474478376634e+00,
1.633804775509955221e+01,
7.001123961298043596e+00,
1.595318272330750453e+01,
7.094907343164805980e+00,
1.556844816898955131e+01,
7.188795411824918880e+00,
1.518373914834768179e+01,
7.282353466294333444e+00,
1.479894973783348711e+01,
7.375581613277552684e+00,
1.441408026306307377e+01,
7.468479926926868018e+00,
1.402913118971852313e+01,
7.561048589461574210e+00,
1.364410254018641311e+01,
7.653287710794028698e+00,
1.325899463965718894e+01,
7.745197319368720912e+00,
1.287380816033623532e+01,
7.836777572367177314e+00,
1.248854324205171551e+01,
7.926815399968543119e+00,
1.210291494706862103e+01,
8.003671763226570590e+00,
1.171444474610435726e+01,
8.064358005466274903e+00,
1.132312232694694565e+01,
8.087776867781654389e+00,
1.092781550373523025e+01,
8.052590170134495295e+00,
1.053338186754950456e+01,
8.005426341840976789e+00,
1.014020056755172661e+01,
7.941304352315341930e+00,
9.749426585918232746e+00,
7.852169705913545350e+00,
9.363588529870220611e+00,
7.737891086166388099e+00,
8.984436317482352052e+00,
7.609579533243957528e+00,
8.609800279951191015e+00,
7.480754899276419678e+00,
8.235340384006489600e+00,
7.346968871413871227e+00,
7.862624346193164193e+00,
7.175761455324804139e+00,
7.505547274056638685e+00,
6.954577706569773810e+00,
7.177075435629308053e+00,
6.714614146939858585e+00,
6.862061905530970840e+00,
6.459165696414778779e+00,
6.559469425256454933e+00,
6.194248488252218188e+00,
6.265131403968458912e+00,
5.924452083375306266e+00,
5.975259191785318613e+00,
5.649851391800934763e+00,
5.689934006788051946e+00,
5.370526603030327806e+00,
5.409231913979660078e+00,
5.086562884087095782e+00,
5.133223561998546458e+00,
4.798050049034848108e+00,
4.861973954547692323e+00,
4.504839332724268175e+00,
4.595809499300642642e+00,
4.206513159005123903e+00,
4.335391680359339084e+00,
3.906047262661910491e+00,
4.077445474827444016e+00,
3.606977100561608029e+00,
3.817882291632054059e+00,
3.312873350515769921e+00,
3.552704743155020939e+00,
3.028574613700251383e+00,
3.277041486531779846e+00,
2.782874838155122710e+00,
2.966481282225391425e+00,
2.623023542017969056e+00,
2.604178100038158306e+00,
2.612124694707113726e+00,
2.208328102548265282e+00,
2.768819188886014526e+00,
1.844648733963267118e+00,
3.074886855996173729e+00,
1.593374844973502569e+00,
3.456999021064814492e+00,
1.489421457050899011e+00,
3.852222054413873664e+00,
1.464626122531790697e+00,
4.248222056888796061e+00,
1.464597260030572112e+00,
4.644206635650176551e+00,
1.468091816351088097e+00,
5.040094183414997708e+00,
1.477528421125865465e+00,
5.435846632348061647e+00,
1.491528391181983659e+00,
5.831490066532906802e+00,
1.508329070017599083e+00,
6.227099284482526365e+00,
1.525917337724361333e+00,
6.622763657391105951e+00,
1.542220945627618134e+00,
7.018547176156736178e+00,
1.555313167802083507e+00,
7.414460877335211642e+00,
1.563580044686286641e+00,
7.810451294007643597e+00,
1.566336431271555529e+00,
8.205973310237183682e+00,
1.585787251560486721e+00,
8.599016397847870863e+00,
1.634089750323631796e+00,
8.987525957750349903e+00,
1.710746924253725432e+00,
9.369638049881181985e+00,
1.814700518517497141e+00,
9.742848974990982569e+00,
1.947099900772099712e+00,
1.010013336853583255e+01,
2.117874197567867434e+00,
1.043676156444437275e+01,
2.326434644571928612e+00,
1.074951568660303636e+01,
2.569335579870299924e+00,
1.103661469921176597e+01,
2.842081181922131439e+00,
1.129638330062819662e+01,
3.140972892159539231e+00,
1.152007474551659705e+01,
3.467742128853154693e+00,
1.170463664337203546e+01,
3.818103240990344815e+00,
1.185074695382498788e+01,
4.186162723825354703e+00,
1.196117643991906299e+01,
4.566453841361193255e+00,
1.204119431319605127e+01,
4.954285162964076505e+00,
1.209316580949242592e+01,
5.346859941183762288e+00,
1.210287439595140313e+01,
5.742740988473505226e+00,
1.206934085412650326e+01,
6.137318612985117383e+00,
1.200086718318141266e+01,
6.527353683930843253e+00,
1.190892880271711896e+01,
6.912533297102379848e+00,
1.180564506288636473e+01,
7.294826991593242660e+00,
1.169655669785991314e+01,
7.675504976996976758e+00,
1.157981294510934234e+01,
8.053905420264849013e+00,
1.146088991328224260e+01,
8.431626630315856019e+00,
1.134981604631735408e+01,
8.811730036686361345e+00,
