5.657384929797831807e-02,
-3.075098253030367095e-15,
-2.180453497609901658e-14,
-3.108861999934698934e-03,
-1.458721426660236284e-02,
-1.392217328597855334e-14,
1.392217328597855334e-14,
1.226344395619019534e-02,
-5.835887475292892389e-03,
-8.349931757128380497e-03,
4.499395551996901964e-03,
6.799057124545664424e-03,
6.801566867605194494e-03,
6.804031643438062694e-03,
5.879964908251951623e-03,
-5.332590364269863131e-02,
-8.861284662662217981e-02,
-2.606186163295576286e-01,
-3.849981764897077996e-01,
-1.559925898531323851e-01,
-2.392819505335250577e-02,
-1.203132060813359022e-01,
-1.420599114408798228e-02,
-6.407798872106376664e-02,
-1.507394213333791422e-01,
-1.752843514021755755e-01,
-2.917771998312513326e-01,
-1.644622738613391311e-01,
-3.660150090316118682e-02,
4.600171030900320618e-02,
1.478463577948444518e-01,
3.250927323113085299e-01,
3.245230395803686552e-01,
2.317764474192244573e-01,
5.547645294407205219e-01,
4.516695766987056659e-01,
4.216498943930341858e-01,
5.764601590076657844e-01,
3.553347886848036152e-01,
3.041396135455537442e-01,
3.351089250407926490e-01,
3.268965829056176831e-01,
5.148142453256088213e-01,
5.748923361321585102e-01,
1.076100296898178516e-01,
1.571971345643572437e-01,
4.228142266616973233e-01,
4.309159619334133051e-01,
3.952094447829129775e-01,
3.405518183198456006e-01,
3.339307039564460289e-01,
4.736906300606916753e-01,
4.773635297406471079e-01,
4.270990562095595688e-01,
3.556120955808415585e-01,
2.775852424695290366e-01,
2.208526385796708569e-01,
-4.800583652861303841e-03,
-4.333618268558283443e-02,
-2.839951330993041242e-02,
2.578523673787245715e-03,
3.526067505263145042e-03,
3.525826452971103468e-03,
3.525558163787112162e-03,
3.525262648816415451e-03,
3.524939920461832125e-03,
3.524589992431716081e-03,
3.524212879625480618e-03,
3.523808598157725409e-03,
3.523380022004587390e-03,
6.871474421484265269e-04,
-2.166006352545174311e-03,
-2.164854600104909252e-03,
-2.163697091732252453e-03,
-2.162533844618492671e-03,
-2.161364876176396881e-03,
-2.160190203988629140e-03,
-2.159009845877316470e-03,
-1.010520204232796815e-02,
-8.601322932845964497e-02,
-1.047520710291952317e-01,
-2.395412064591159462e-01,
-3.758216683725426610e-01,
-7.681111349418191792e-02,
-1.092758163307382263e-01,
-1.627479261345426420e-01,
-1.660914227810694477e-01,
-9.403921395143000073e-02,
-3.459303937841665816e-03,
-3.353723310410211544e-02,
-2.593132923044617066e-01,
-3.691575617914543139e-01,
-1.474591092784388602e-01,
-1.266677031604898640e-01,
-8.012411294580377985e-02,
-4.218217893354062747e-02,
-4.218536799404628418e-02,
-4.215327020216236981e-02,
-4.208605526348268427e-02,
-4.198407720660419368e-02,
-4.415107719503246625e-02,
-4.906605688963811690e-02,
-2.084734785164014600e-02,
1.362144866107286439e-02,
4.780394198134461231e-02,
9.157540794804658324e-02,
3.332627387881032521e-01,
6.496012779544927396e-01,
1.011228953305914668e+00,
1.141222727144919347e+00,
1.262447507131878810e+00,
1.105671357861830462e+00,
5.169657566637649859e-01,
1.581658100669565137e-01,
2.246915048313780430e-02,
3.789903638171163852e-02,
2.911384266733502840e-02,
1.787358952372397961e-02,
5.027118253206534423e-03,
-8.199713118558122488e-03,
-2.049310678051621815e-02,
-3.078308575963597388e-02,
-3.514495327031554039e-02,
1.065480098957191646e-01,
1.849093314141972422e-01,
1.833525163056179130e-01,
1.790076432245756022e-01,
1.903390442363757651e-01,
2.656826500975893457e-01,
2.754264191762309522e-01,
2.674528223660552206e-01,
2.515900424337265129e-01,
2.417440874550659535e-01,
2.917084668782066181e-01,
2.923420756691439415e-01,
2.707020098893705429e-01,
2.410780404166065205e-01,
2.001169525759295409e-01,
1.816231498170136349e-01,
2.711064690027503166e-01,
2.767015287110974331e-01,
2.251304172080761112e-01,
1.529420328941715201e-01,
7.466846783349206929e-02,
3.842493467018617825e-02,
5.093747940814329078e-02,
1.455652571110208765e-02,
-5.231339596474034181e-02,
-8.453174038388526490e-02,
