-9.642865212053886026e-01,
-2.648612939287454671e-01,
-9.624473757103891858e-01,
-2.714683204136073003e-01,
-9.624473757103904070e-01,
-2.714683204136025263e-01,
-9.626142969019060303e-01,
-2.708758302249377747e-01,
-9.635574816342130644e-01,
-2.675013637100442376e-01,
-9.643260719463242481e-01,
-2.647172585317640325e-01,
-9.643260719463242481e-01,
-2.647172585317640325e-01,
-9.636804565842957970e-01,
-2.670580041816443817e-01,
-9.633398060972062638e-01,
-2.682842112175017890e-01,
-9.640895583249718959e-01,
-2.655773400137151907e-01,
-9.642917550713903108e-01,
-2.648422381368538137e-01,
-9.636968664410601182e-01,
-2.669987820415695712e-01,
-9.629743668145003266e-01,
-2.695929688590049667e-01,
-9.622446157905223396e-01,
-2.721861484024305500e-01,
-9.615580060376014426e-01,
-2.746018955233047731e-01,
-9.640949696289106141e-01,
-2.655576953059914924e-01,
-9.711751717782090010e-01,
-2.383669140664580743e-01,
-9.853034959585891261e-01,
-1.708128240261330422e-01,
-9.990188474639074556e-01,
-4.428704564414000927e-02,
-9.980521935062242056e-01,
6.238444547653101274e-02,
-9.951994263213107539e-01,
9.786777738221064116e-02,
-9.920003084337274402e-01,
1.262354469528653433e-01,
-9.882883219143993037e-01,
1.525981414291170679e-01,
-9.858046808753888612e-01,
1.678961916309376079e-01,
-9.777789648413588441e-01,
2.096384886268764514e-01,
-9.622345965059007078e-01,
2.722215665356554903e-01,
-9.330541771084951419e-01,
3.597358789172817595e-01,
-8.968803047847243581e-01,
4.422733531304593457e-01,
-8.785810099935978945e-01,
4.775933509573069835e-01,
-8.794682549799948124e-01,
4.759575490339897352e-01,
-8.970747074921415765e-01,
4.418789078219149680e-01,
-9.343764122941282668e-01,
3.562874122788416420e-01,
-9.722558677018272588e-01,
2.339199173207931470e-01,
-9.920398124405906959e-01,
1.259246224248367629e-01,
-9.995991531834204080e-01,
-2.831135734981164026e-02,
-9.745880140095602995e-01,
-2.240049172426828994e-01,
-9.219258283747855387e-01,
-3.873664505032225480e-01,
-8.288703798539370782e-01,
-5.594406969472188740e-01,
-7.132240900299730013e-01,
-7.009360865306600852e-01,
-6.162558058136741179e-01,
-7.875460505906552999e-01,
-5.122739971797143355e-01,
-8.588220722673108876e-01,
-3.960573183888823068e-01,
-9.182257895259789970e-01,
-2.393052233318999078e-01,
-9.709443908309421944e-01,
-2.795024848429788350e-02,
-9.996093154876388720e-01,
1.057753738774771940e-01,
-9.943900493674903140e-01,
1.577110774123509918e-01,
-9.874852991621876352e-01,
2.693392642751519794e-01,
-9.630453575609612127e-01,
4.266199529841134264e-01,
-9.044309900240221634e-01,
5.674616148295495988e-01,
-8.233998516486628061e-01,
6.805056213884201899e-01,
-7.327428602577854555e-01,
7.716986933273294325e-01,
-6.359883070598801869e-01,
8.626580238426188041e-01,
-5.057876371560973139e-01,
9.416307188806922746e-01,
-3.366475742675572036e-01,
9.863426829294070775e-01,
-1.647061378079726912e-01,
9.999365086711802242e-01,
-1.126847933354811239e-02,
9.935455419184842096e-01,
1.134339284954264948e-01,
9.775778740038516545e-01,
2.105742155585758890e-01,
9.676957777919399373e-01,
2.521207679737085261e-01,
9.700546434160436382e-01,
2.428867818284320412e-01,
9.734064062611960111e-01,
2.290850677142956537e-01,
9.745648566824384185e-01,
2.241056449970371955e-01,
9.742932664066172865e-01,
2.252834459846623227e-01,
9.739777592599052625e-01,
2.266436067200086335e-01,
9.736603762577134002e-01,
2.280032274019119232e-01,
9.733411209034178446e-01,
2.293622949799680732e-01,
9.730199967613207823e-01,
2.307207964241614062e-01,
9.726970074564331714e-01,
2.320787187255640982e-01,
9.723721566742595801e-01,
2.334360488970139147e-01,
9.720454481605789177e-01,
2.347927739737726560e-01,
9.717168855876507916e-01,
2.361488815638055905e-01,
9.715196743443619276e-01,
2.369589043733638933e-01,
9.715890175790761196e-01,
2.366744196564680436e-01,
9.717916110992950163e-01,
2.358411851162482142e-01,
9.719933825476937406e-01,
2.350082217359485692e-01,
9.721943324649841012e-01,
2.341755322892724311e-01,
9.723944612851728175e-01,
2.333431200226796787e-01,
9.725937694772878173e-01,
2.325109880714462673e-01,
9.727922575789103021e-01,
2.316791393167003665e-01,
9.733519770210996569e-01,
2.293162201614117324e-01,
9.775387983203888131e-01,
2.107555403265367611e-01,
9.847982214540158541e-01,
1.737022251469657608e-01,
9.943327754674085028e-01,
1.063124246326839079e-01,
9.998890002299752888e-01,
-1.489923552066935858e-02,
9.945783463904313004e-01,
-1.039899653393303730e-01,
9.900742504310795500e-01,
-1.405452903278365251e-01,
9.810793209169292872e-01,
-1.936062139219118239e-01,
9.664184152843668940e-01,
-2.569736301632000175e-01,
9.519177258398621166e-01,
-3.063537876897644563e-01,
9.458283977517304431e-01,
-3.246669709200403764e-01,
9.434248361920936077e-01,
-3.315864569850847099e-01,
9.226665994979126317e-01,
-3.855986853854125318e-01,
8.678890311309144234e-01,
-4.967581198557729505e-01,
8.128274179250889464e-01,
-5.825045825306723879e-01,
7.800504399283916257e-01,
-6.257166380779103365e-01,
7.537948041065669624e-01,
-6.571098791693380514e-01,
7.376649122308207573e-01,
-6.751669995367778343e-01,
7.262846718029011273e-01,
-6.873940467476803429e-01,
7.147057930027129746e-01,
-6.994252136207009807e-01,
7.029416239152568302e-01,
-7.112475471784642789e-01,
6.910061340271718144e-01,
-7.228488934326608994e-01,
6.785789840968127207e-01,
-7.345274415174274374e-01,
6.649079945589717600e-01,
-7.469252698707992133e-01,
6.545056628149839018e-01,
-7.560570992611063135e-01,
6.534233137875326003e-01,
-7.569927166088984416e-01,
6.625809397275334023e-01,
-7.489903192363559503e-01,
6.829918483032444421e-01,
-7.304259956705524415e-01,
7.417838509804907110e-01,
-6.706390373550834560e-01,
8.564618540786723688e-01,
-5.162103180953697690e-01,
9.755640789255060064e-01,
-2.197151062403974453e-01,
9.820705791782626815e-01,
1.885136003382031911e-01,
7.990339906637046186e-01,
6.012858569466229541e-01,
4.586813447856011305e-01,
8.886008237367735152e-01,
1.634021981307615390e-01,
9.865595378110920688e-01,
3.135903149339300255e-02,
9.995081846307195539e-01,
-4.375919329155372045e-03,
9.999904256191779472e-01,
-1.632768330543007268e-02,
9.998666944937598666e-01,
-2.959212653187049541e-02,
9.995620571266806698e-01,
-3.888995235735836359e-02,
9.992434996564362182e-01,
-4.342040922874878389e-02,
9.990568893023098473e-01,
-4.279282153092660995e-02,
9.990839676550826720e-01,
-3.711624647577275310e-02,
9.993109547320843111e-01,
-2.696906032865892949e-02,
9.996362687422806204e-01,
-1.391859874858241905e-02,
9.999031316126957281e-01,
-2.804563846010957665e-02,
9.996066437170997299e-01,
-8.560435971594083926e-02,
9.963292094471705163e-01,
-1.578811661365753516e-01,
9.874581193039808635e-01,
-2.281869137093001931e-01,
9.736173439354007808e-01,
-2.986370339890601633e-01,
9.543667648918924273e-01,
-3.833228892301928648e-01,
9.236144014642785338e-01,
-4.796675896700037800e-01,
8.774502854408157138e-01,
-5.708234694607907667e-01,
8.210728145010927070e-01,
-6.518741745518028541e-01,
7.583271461265286284e-01,
-7.225887547161580216e-01,
6.912781578769516821e-01,
-7.912882022039401386e-01,
6.114433588263562536e-01,
-8.563888926780605093e-01,
5.163313514572261953e-01,
-9.083950246778366155e-01,
4.181129980526225864e-01,
-9.459605079156082619e-01,
3.242818488044688641e-01,
-9.706114069166625891e-01,
2.406522319930916032e-01,
-9.859973753922545159e-01,
1.667608338896924003e-01,
-9.969540876657287942e-01,
7.799068589642009497e-02,
-9.995460792062462740e-01,
-3.012699028148101490e-02,
-9.916543954216843204e-01,
-1.289246293027592194e-01,
-9.792547032724367995e-01,
-2.026332305393459543e-01,
-9.691378293953772927e-01,
-2.465195076151509845e-01,
-9.633759601934650529e-01,
-2.681543572670773146e-01,
-9.584811001682302933e-01,
-2.851560636218332112e-01,
-9.547030236132048042e-01,
-2.975603076752756926e-01,
-9.569005807900953231e-01,
-2.904156994440525441e-01,
-9.626806795745961320e-01,
-2.706398144652662485e-01,
