0,
0,
0,
0,
0,
0,
0,
0,
0,
0,
0,
0,
0,
0,
0,
0,
0,
0,
0,
0,
0,
0,
0,
0,
0,
0,
0,
0,
0,
0,
0,
0,
0,
0,
0,
0,
0,
0,
0,
0,
1,
13,
29,
42,
48,
57,
71,
85,
103,
126,
155,
164,
65,
0,
0,
0,
0,
0,
0,
0,
54,
155,
154,
125,
102,
84,
71,
44,
7,
0,
0,
0,
0,
0,
0,
0,
0,
0,
0,
0,
0,
0,
0,
0,
0,
0,
0,
0,
0,
0,
0,
0,
0,
0,
0,
0,
0,
0,
0,
0,
0,
0,
0,
0,
0,
0,
0,
0,
0,
0,
0,
0,
0,
0,
0,
0,
0,
0,
0,
0,
0,
0,
0,
0,
0,
0,
0,
0,
0,
0,
0,
0,
0,
0,
0,
0,
0,
0,
0,
0,
0,
0,
0,
0,
0,
0,
0,
0,
0,
2,
11,
24,
28,
35,
38,
47,
56,
65,
78,
94,
115,
132,
165,
194,
172,
96,
36,
6,
33,
88,
163,
192,
164,
136,
112,
95,
79,
64,
57,
45,
22,
2,
0,
0,
0,
0,
0,
0,
0,
0,
0,
0,
0,
0,
0,
0,
0,
0,
0,
0,
0,
0,
0,
0,
0,
0,
0,
0,
0,
0,
0,
0,
0,
0,
0,
0,
0,
0,
0,
0,
0,
0,
0,
0,
0,
0,
0,
0,
0,
0,
0,
0,
0,
0,
0,
0,
0,
0,
0,
0,
0,
0,
0,
0,
0,
0,
0,
0,
0,
0,
0,
0,
0,
0,
0,
0,
0,
0,
5,
11,
18,
20,
22,
27,
30,
37,
43,
52,
59,
72,
83,
102,
123,
142,
165,
188,
211,
229,
480,
226,
211,
189,
165,
142,
120,
103,
84,
70,
60,
52,
43,
36,
28,
10,
0,
0,
0,
0,
0,
0,
0,
0,
0,
0,
0,
0,
0,
0,
0,
0,
0,
0,
0,
0,
0,
0,
0,
0,
0,
0,
0,
0,
0,
0,
0,
0,
0,
0,
0,
0,
0,
0,
0,
0,
0,
0,
0,
0,
0,
0,
0,
0,
0,
0,
0,
0,
0,
0,
0,
0,
0,
0,
0,
0,
0,
0,
0,
0,
0,
0,
0,
0,
0,
0,
0,
0,
2,
8,
11,
14,
15,
17,
20,
22,
25,
31,
33,
40,
46,
53,
65,
79,
85,
104,
120,
139,
158,
171,
185,
374,
188,
173,
155,
139,
120,
104,
88,
76,
65,
54,
44,
40,
35,
29,
27,
19,
6,
0,
0,
0,
0,
0,
0,
0,
0,
0,
0,
0,
0,
0,
0,
0,
0,
0,
0,
0,
0,
0,
0,
0,
0,
0,
0,
0,
0,
0,
0,
0,
0,
0,
0,
0,
0,
0,
0,
0,
0,
0,
0,
0,
0,
0,
0,
0,
0,
0,
0,
0,
0,
0,
0,
0,
0,
0,
0,
0,
0,
0,
0,
0,
0,
0,
0,
0,
1,
5,
7,
9,
8,
12,
12,
14,
17,
18,
22,
23,
27,
33,
37,
42,
51,
56,
65,
79,
89,
102,
115,
129,
142,
147,
311,
146,
141,
129,
115,
102,
90,
77,
67,
57,
49,
44,
37,
29,
26,
25,
20,
19,
13,
5,
0,
0,
0,
0,
0,
0,
0,
0,
0,
0,
0,
0,
0,
0,
0,
0,
0,
0,
0,
0,
0,
0,
0,
0,
0,
0,
0,
0,
0,
0,
0,
0,
0,
0,
0,
0,
0,
0,
0,
0,
0,
0,
0,
0,
0,
0,
0,
0,
0,
0,
0,
0,
0,
0,
0,
0,
0,
0,
0,
0,
0,
0,
1,
2,
4,
6,
7,
9,
8,
10,
10,
12,
13,
14,
17,
20,
22,
26,
28,
33,
37,
43,
50,
60,
69,
72,
87,
95,
105,
113,
118,
256,
119,
113,
106,
94,
86,
74,
67,
58,
51,
43,
37,
33,
32,
24,
24,
18,
17,
15,
14,
10,
4,
0,
0,
0,
0,
0,
0,
0,
0,
0,
0,
0,
0,
0,
0,
0,
0,
0,
0,
0,
0,
0,
0,
0,
0,
0,
0,
0,
0,
0,
0,
0,
0,
0,
0,
0,
0,
0,
0,
0,
0,
0,
0,
0,
0,
0,
0,
0,
0,
0,
0,
0,
0,
0,
0,
0,
0,
0,
0,
2,
3,
5,
6,
6,
6,
6,
8,
7,
10,
10,
12,
12,
15,
17,
17,
21,
23,
27,
31,
33,
39,
46,
49,
56,
65,
71,
80,
87,
92,
98,
183,
97,
93,
85,
80,
72,
64,
57,
52,
44,
38,
35,
30,
25,
23,
19,
20,
15,
14,
13,
11,
10,
8,
3,
1,
0,
0,
0,
0,
0,
0,
0,
0,
0,
0,
0,
0,
0,
0,
0,
0,
0,
0,
0,
0,
0,
0,
0,
0,
0,
0,
0,
0,
0,
0,
0,
0,
0,
0,
0,
0,
0,
0,
0,
0,
0,
0,
0,
0,
0,
0,
0,
0,
0,
0,
0,
0,
2,
2,
3,
4,
5,
4,
5,
6,
6,
7,
7,
7,
9,
11,
10,
13,
14,
15,
15,
20,
21,
24,
26,
31,
37,
38,
45,
48,
56,
61,
66,
71,
75,
75,
170,
76,
76,
71,
66,
61,
56,
48,
44,
39,
35,
31,
27,
24,
23,
18,
17,
16,
13,
11,
12,
9,
8,
9,
5,
4,
0,
0,
0,
0,
0,
0,
0,
0,
0,
0,
0,
0,
0,
0,
0,
0,
0,
0,
0,
0,
0,
0,
0,
0,
0,
0,
0,
0,
0,
0,
0,
0,
0,
0,
0,
0,
0,
0,
0,
0,
0,
0,
0,
0,
0,
0,
0,
0,
1,
2,
3,
3,
4,
3,
4,
4,
5,
4,
5,
5,
6,
9,
7,
8,
8,
10,
12,
11,
15,
17,
16,
20,
23,
25,
26,
31,
34,
37,
41,
48,
51,
55,
58,
62,
66,
134,
67,
61,
59,
54,
51,
47,
43,
37,
35,
31,
26,
24,
22,
19,
17,
15,
14,
12,
11,
10,
10,
8,
7,
7,
6,
6,
3,
0,
0,
0,
0,
0,
0,
0,
0,
0,
0,
0,
0,
0,
0,
0,
0,
0,
0,
0,
0,
0,
0,
0,
0,
0,
0,
0,
0,
0,
0,
0,
0,
0,
0,
0,
0,
0,
0,
0,
0,
0,
0,
0,
1,
1,
4,
2,
2,
3,
2,
3,
4,
4,
3,
4,
5,
5,
6,
6,
6,
6,
9,
9,
10,
8,
12,
13,
14,
15,
20,
17,
22,
24,
27,
29,
35,
35,
41,
42,
46,
49,
50,
52,
104,
52,
50,
49,
46,
42,
40,
35,
34,
31,
27,
23,
23,
19,
20,
15,
13,
14,
12,
11,
9,
9,
8,
7,
6,
6,
6,
5,
5,
3,
1,
0,
0,
0,
0,
0,
0,
0,
0,
0,
0,
0,
0,
0,
0,
0,
0,
0,
0,
0,
0,
0,
0,
0,
0,
0,
0,
0,
0,
0,
0,
0,
0,
0,
0,
0,
0,
0,
1,
1,
3,
1,
3,
1,
3,
3,
3,
3,
3,
4,
3,
4,
4,
4,
5,
5,
6,
6,
7,
7,
8,
9,
11,
12,
12,
13,
15,
15,
19,
19,
22,
24,
26,
28,
31,
34,
37,
39,
42,
42,
44,
79,
40,
45,
40,
39,
38,
33,
31,
28,
27,
25,
22,
18,
18,
17,
13,
14,
11,
12,
10,
9,
7,
8,
6,
6,
6,
5,
5,
4,
3,
4,
3,
0,
0,
0,
0,
0,
0,
0,
0,
0,
0,
0,
0,
0,
0,
0,
0,
0,
0,
0,
0,
0,
0,
0,
0,
0,
0,
0,
0,
0,
0,
0,
0,
0,
1,
0,
3,
0,
2,
1,
2,
1,
2,
2,
3,
1,
4,
2,
2,
4,
4,
3,
5,
5,
4,
6,
6,
6,
8,
7,
8,
9,
9,
10,
13,
12,
14,
16,
19,
20,
19,
24,
26,
26,
31,
31,
32,
33,
36,
37,
73,
36,
36,
34,
34,
30,
27,
29,
25,
22,
22,
19,
18,
17,
14,
12,
13,
11,
10,
9,
8,
8,
7,
6,
6,
5,
4,
5,
4,
4,
4,
3,
4,
3,
0,
0,
0,
0,
0,
0,
0,
0,
0,
0,
0,
0,
0,
0,
0,
0,
0,
0,
0,
0,
0,
0,
0,
0,
0,
0,
0,
0,
0,
2,
0,
2,
2,
0,
3,
1,
3,
1,
2,
2,
2,
2,
3,
1,
4,
3,
3,
3,
4,
4,
4,
5,
4,
6,
6,
6,
7,
8,
9,
9,
11,
11,
12,
14,
15,
16,
17,
19,
21,
21,
24,
24,
26,
28,
31,
28,
29,
69,
35,
26,
30,
26,
27,
25,
23,
23,
20,
19,
17,
15,
14,
14,
12,
11,
9,
9,
8,
7,
8,
7,
6,
6,
4,
6,
4,
4,
4,
2,
3,
4,
2,
3,
3,
1,
0,
0,
0,
0,
0,
0,
0,
0,
0,
0,
0,
0,
0,
0,
0,
0,
0,
0,
0,
0,
0,
1,
0,
0,
3,
0,
0,
3,
1,
0,
3,
0,
2,
1,
2,
2,
2,
3,
1,
3,
2,
3,
3,
3,
4,
4,
3,
5,
5,
5,
6,
5,
7,
7,
7,
8,
9,
9,
9,
11,
13,
13,
14,
15,
17,
18,
19,
19,
22,
23,
24,
24,
27,
25,
48,
24,
25,
26,
24,
24,
19,
23,
18,
17,
16,
15,
15,
13,
14,
11,
10,
9,
9,
8,
8,
6,
5,
7,
6,
5,
4,
4,
4,
4,
3,
4,
2,
3,
2,
2,
2,
2,
2,
0,
0,
0,
0,
0,
0,
0,
0,
0,
0,
0,
0,
0,
0,
0,
0,
0,
2,
0,
0,
2,
1,
0,
2,
1,
0,
2,
1,
0,
3,
1,
2,
2,
1,
3,
0,
4,
1,
4,
1,
4,
2,
3,
3,
3,
4,
4,
5,
4,
6,
6,
8,
6,
7,
8,
9,
10,
10,
11,
11,
13,
14,
15,
15,
18,
19,
17,
21,
20,
23,
20,
22,
48,
22,
23,
19,
22,
17,
20,
18,
17,
17,
14,
13,
13,
11,
12,
8,
10,
9,
8,
7,
7,
7,
6,
5,
5,
5,
4,
4,
4,
3,
3,
3,
2,
4,
1,
4,
1,
3,
1,
2,
1,
0,
0,
0,
0,
0,
0,
0,
0,
0,
0,
0,
0,
0,
0,
0,
0,
2,
0,
0,
2,
1,
0,
2,
2,
0,
2,
1,
0,
2,
1,
2,
2,
0,
4,
0,
3,
1,
3,
2,
4,
2,
4,
4,
3,
4,
4,
5,
4,
5,
5,
7,
6,
8,
7,
8,
10,
11,
10,
11,
11,
13,
14,
15,
14,
18,
16,
20,
15,
20,
23,
42,
23,
21,
19,
14,
21,
15,
16,
14,
14,
14,
13,
12,
11,
10,
9,
8,
8,
8,
7,
5,
6,
5,
5,
4,
4,
5,
3,
4,
3,
4,
2,
4,
2,
3,
1,
4,
0,
3,
1,
1,
3,
0,
1,
0,
0,
0,
0,
0,
0,
0,
0,
0,
0,
0,
0,
0,
0,
3,
0,
0,
1,
2,
0,
0,
3,
0,
2,
2,
0,
2,
2,
1,
3,
1,
3,
2,
3,
2,
2,
3,
3,
3,
3,
4,
4,
4,
5,
4,
6,
5,
6,
8,
6,
7,
9,
8,
8,
11,
10,
11,
12,
12,
13,
14,
16,
13,
15,
19,
14,
14,
28,
14,
13,
14,
20,
14,
14,
14,
13,
12,
10,
13,
9,
10,
8,
8,
9,
7,
6,
7,
6,
5,
5,
5,
4,
4,
4,
3,
4,
2,
4,
1,
3,
2,
3,
2,
1,
3,
1,
3,
2,
0,
3,
1,
0,
2,
0,
0,
0,
0,
0,
0,
0,
0,
0,
2,
1,
0,
0,
2,
1,
0,
1,
2,
0,
0,
3,
1,
0,
3,
1,
1,
3,
0,
2,
2,
2,
3,
1,
4,
2,
4,
2,
4,
2,
5,
3,
4,
4,
5,
5,
5,
5,
6,
8,
6,
8,
8,
8,
11,
9,
10,
11,
12,
12,
13,
13,
13,
14,
17,
12,
28,
12,
14,
16,
13,
12,
14,
12,
12,
11,
11,
9,
9,
9,
7,
10,
5,
8,
6,
6,
6,
5,
4,
5,
4,
4,
3,
4,
2,
4,
2,
4,
1,
4,
0,
3,
2,
1,
3,
0,
1,
3,
0,
2,
2,
0,
1,
1,
0,
0,
0,
0,
0,
0,
0,
0,
1,
2,
0,
0,
2,
1,
0,
0,
3,
1,
0,
2,
1,
0,
2,
2,
1,
3,
1,
2,
3,
0,
4,
1,
3,
2,
3,
3,
3,
4,
4,
4,
4,
5,
5,
6,
4,
7,
6,
6,
8,
6,
10,
7,
11,
7,
12,
9,
12,
10,
13,
12,
13,
10,
14,
24,
14,
12,
10,
13,
12,
13,
9,
11,
8,
10,
9,
8,
8,
7,
8,
7,
5,
7,
4,
5,
5,
4,
5,
4,
4,
2,
4,
3,
3,
2,
4,
2,
1,
4,
0,
3,
2,
0,
3,
2,
0,
3,
1,
0,
2,
2,
0,
0,
2,
0,
0,
0,
0,
0,
0,
0,
0,
3,
0,
0,
1,
2,
1,
0,
2,
1,
0,
2,
2,
0,
1,
3,
0,
2,
2,
0,
3,
2,
2,
3,
2,
3,
1,
4,
2,
4,
3,
5,
4,
4,
5,
5,
5,
5,
8,
5,
8,
6,
9,
6,
11,
7,
10,
10,
8,
12,
12,
7,
11,
12,
24,
12,
12,
12,
6,
12,
12,
8,
8,
11,
7,
9,
8,
6,
8,
5,
8,
5,
6,
5,
6,
4,
4,
5,
2,
4,
3,
4,
3,
3,
3,
1,
3,
2,
2,
3,
0,
1,
3,
0,
2,
2,
0,
1,
2,
1,
0,
2,
2,
0,
0,
2,
0,
0,
0,
0,
0,
0,
0,
2,
1,
0,
0,
2,
1,
0,
1,
3,
0,
0,
3,
1,
0,
3,
2,
1,
3,
1,
2,
3,
1,
3,
2,
3,
4,
2,
5,
1,
5,
3,
4,
4,
5,
6,
5,
5,
6,
6,
7,
7,
8,
6,
10,
7,
8,
12,
8,
6,
10,
12,
11,
24,
11,
12,
11,
11,
6,
7,
10,
10,
5,
9,
7,
5,
8,
5,
7,
5,
4,
6,
4,
4,
4,
3,
4,
3,
4,
4,
1,
4,
1,
3,
3,
0,
3,
2,
0,
3,
2,
1,
3,
1,
0,
2,
2,
0,
1,
2,
1,
0,
1,
2,
1,
0,
0,
2,
0,
0,
2,
0,
0,
1,
3,
0,
0,
1,
3,
0,
0,
3,
1,
0,
2,
3,
0,
1,
3,
0,
3,
3,
0,
4,
2,
2,
4,
1,
4,
3,
4,
4,
2,
4,
4,
4,
4,
5,
5,
5,
5,
7,
5,
7,
8,
5,
10,
8,
5,
8,
11,
11,
8,
5,
12,
5,
6,
5,
11,
10,
11,
5,
5,
11,
6,
5,
9,
5,
5,
7,
4,
6,
4,
4,
5,
4,
3,
4,
4,
2,
4,
2,
2,
4,
0,
3,
3,
0,
3,
3,
0,
2,
2,
0,
1,
3,
0,
0,
2,
2,
0,
0,
2,
1,
0,
0,
1,
2,
0,
0,
0,
1,
2,
0,
0,
0,
2,
1,
0,
0,
3,
1,
0,
1,
3,
0,
0,
3,
1,
1,
3,
2,
0,
3,
2,
1,
4,
1,
3,
3,
2,
4,
3,
4,
4,
4,
4,
4,
4,
5,
5,
5,
6,
6,
5,
8,
6,
5,
7,
10,
6,
5,
5,
8,
12,
20,
12,
10,
11,
5,
6,
5,
7,
10,
5,
5,
6,
6,
5,
4,
6,
4,
5,
5,
4,
2,
4,
4,
2,
4,
2,
3,
4,
1,
3,
3,
1,
2,
3,
0,
2,
3,
1,
0,
3,
2,
0,
1,
3,
0,
0,
1,
2,
1,
0,
0,
2,
1,
0,
0,
0,
0,
0,
0,
2,
1,
0,
0,
2,
2,
0,
0,
1,
2,
0,
0,
3,
2,
0,
2,
3,
0,
1,
3,
1,
2,
3,
1,
3,
3,
1,
3,
4,
1,
4,
3,
3,
5,
3,
5,
4,
5,
4,
5,
6,
5,
4,
8,
5,
5,
5,
10,
8,
6,
5,
5,
10,
5,
5,
6,
5,
5,
9,
8,
5,
4,
5,
8,
5,
5,
5,
5,
4,
3,
4,
4,
3,
3,
4,
2,
4,
3,
1,
3,
4,
0,
3,
3,
1,
1,
3,
1,
0,
2,
3,
0,
0,
3,
1,
0,
0,
3,
1,
0,
0,
1,
3,
0,
0,
0,
0,
0,
0,
0,
0,
0,
1,
2,
0,
0,
0,
3,
0,
0,
1,
3,
1,
0,
1,
3,
0,
0,
3,
2,
0,
3,
3,
0,
3,
3,
1,
3,
4,
0,
4,
4,
2,
4,
4,
3,
4,
4,
4,
4,
5,
4,
5,
5,
5,
7,
5,
5,
5,
7,
9,
8,
5,
10,
5,
5,
5,
7,
10,
6,
5,
4,
5,
6,
5,
4,
5,
4,
4,
5,
4,
2,
4,
4,
2,
4,
4,
0,
4,
4,
0,
3,
3,
1,
1,
3,
2,
0,
2,
3,
0,
0,
2,
3,
0,
0,
2,
2,
0,
0,
1,
2,
1,
0,
0,
0,
2,
0,
0,
0,
0,
0,
0,
0,
1,
2,
1,
0,
0,
2,
2,
0,
0,
1,
3,
0,
0,
3,
2,
0,
1,
4,
1,
0,
3,
3,
0,
3,
3,
1,
3,
4,
1,
3,
4,
2,
3,
4,
4,
4,
4,
4,
4,
5,
4,
5,
6,
5,
5,
4,
5,
5,
7,
9,
20,
9,
10,
9,
8,
4,
5,
4,
5,
5,
5,
4,
4,
5,
3,
4,
4,
4,
3,
4,
4,
2,
2,
4,
3,
0,
3,
4,
0,
1,
4,
2,
0,
2,
3,
1,
0,
2,
3,
0,
0,
2,
2,
1,
0,
0,
3,
1,
0,
0,
0,
2,
2,
0,
0,
0,
0,
0,
0,
2,
0,
0,
0,
1,
3,
0,
0,
1,
2,
1,
0,
0,
3,
2,
0,
1,
3,
2,
0,
2,
3,
1,
1,
3,
3,
0,
3,
4,
1,
3,
4,
3,
2,
4,
4,
2,
4,
4,
4,
4,
4,
5,
4,
4,
5,
5,
4,
5,
4,
5,
4,
10,
4,
5,
4,
5,
4,
5,
4,
5,
4,
4,
4,
5,
4,
4,
2,
4,
4,
3,
1,
4,
4,
1,
2,
3,
4,
0,
2,
3,
2,
0,
3,
3,
1,
0,
2,
3,
1,
0,
1,
2,
1,
0,
0,
2,
2,
0,
0,
0,
2,
2,
0,
0,
0,
0,
0,
0,
0,
0,
0,
2,
1,
0,
0,
0,
2,
1,
0,
0,
2,
2,
1,
0,
1,
3,
1,
0,
1,
3,
1,
0,
2,
3,
1,
0,
4,
3,
0,
2,
4,
2,
1,
3,
4,
2,
3,
4,
4,
2,
4,
4,
4,
4,
3,
5,
4,
5,
4,
5,
4,
5,
8,
5,
4,
5,
4,
5,
4,
4,
5,
4,
3,
4,
4,
4,
4,
2,
3,
3,
4,
3,
1,
4,
3,
2,
0,
3,
4,
1,
0,
4,
3,
0,
0,
3,
2,
1,
0,
1,
3,
2,
0,
0,
1,
3,
0,
0,
0,
2,
2,
0,
0,
0,
0,
0,
0,
0,
0,
0,
0,
0,
0,
2,
2,
0,
0,
0,
2,
2,
1,
0,
0,
2,
3,
0,
0,
1,
3,
1,
0,
2,
3,
1,
0,
3,
3,
1,
0,
4,
3,
2,
2,
3,
4,
2,
2,
4,
4,
3,
2,
4,
4,
4,
4,
3,
4,
4,
5,
4,
4,
4,
5,
8,
5,
4,
4,
4,
5,
4,
4,
4,
4,
5,
0,
4,
4,
4,
4,
1,
2,
4,
3,
3,
0,
3,
4,
3,
0,
1,
3,
3,
0,
0,
3,
3,
0,
0,
1,
3,
1,
0,
0,
1,
3,
1,
0,
0,
1,
2,
1,
0,
0,
0,
0,
0,
0,
0,
0,
0,
0,
0,
0,
0,
0,
0,
2,
2,
0,
0,
0,
2,
2,
0,
0,
0,
3,
2,
0,
0,
2,
3,
1,
0,
2,
3,
2,
0,
2,
4,
2,
0,
2,
3,
4,
0,
2,
4,
3,
2,
1,
4,
4,
4,
3,
1,
4,
4,
4,
4,
4,
5,
4,
4,
4,
0,
0,
5,
4,
4,
4,
4,
4,
4,
4,
4,
0,
3,
4,
4,
3,
2,
0,
4,
3,
4,
0,
0,
4,
3,
2,
0,
1,
3,
3,
0,
0,
1,
3,
2,
0,
0,
1,
3,
1,
0,
0,
0,
3,
1,
0,
0,
0,
1,
2,
1,
0,
0,
0,
0,
0,
0,
0,
0,
0,
0,
0,
0,
0,
3,
1,
0,
0,
0,
3,
2,
0,
0,
0,
3,
2,
0,
0,
2,
3,
1,
0,
2,
3,
2,
0,
1,
4,
3,
1,
0,
4,
3,
4,
0,
2,
4,
4,
4,
1,
1,
4,
4,
4,
4,
4,
4,
3,
0,
0,
4,
4,
4,
0,
0,
0,
3,
4,
4,
4,
4,
3,
4,
1,
0,
3,
4,
4,
3,
0,
1,
4,
3,
3,
0,
1,
3,
3,
2,
0,
0,
3,
3,
1,
0,
0,
2,
3,
1,
0,
0,
1,
2,
2,
0,
0,
0,
1,
2,
1,
0,
0,
0,
0,
0,
0,
0,
0,
0,
0,
0,
0,
0,
0,
0,
0,
1,
3,
0,
0,
0,
0,
3,
1,
0,
0,
1,
3,
2,
0,
0,
2,
3,
2,
0,
1,
3,
3,
1,
0,
2,
4,
3,
1,
0,
4,
3,
4,
2,
0,
2,
4,
4,
4,
4,
4,
0,
0,
1,
4,
4,
8,
4,
4,
4,
4,
4,
1,
0,
0,
3,
4,
4,
3,
4,
4,
0,
0,
3,
4,
3,
2,
0,
0,
3,
3,
3,
0,
0,
2,
3,
3,
0,
0,
0,
3,
2,
1,
0,
0,
1,
2,
2,
0,
0,
0,
1,
2,
1,
0,
0,
0,
0,
0,
0,
0,
0,
0,
0,
0,
0,
0,
0,
1,
2,
0,
0,
0,
0,
2,
2,
1,
0,
0,
1,
3,
2,
0,
0,
1,
2,
3,
0,
0,
1,
3,
3,
0,
0,
3,
3,
3,
0,
0,
3,
3,
4,
2,
0,
2,
3,
4,
4,
3,
3,
0,
0,
4,
4,
3,
4,
4,
8,
4,
4,
3,
4,
4,
4,
4,
3,
1,
0,
0,
4,
3,
4,
3,
4,
0,
0,
1,
4,
3,
3,
0,
0,
1,
3,
3,
1,
0,
0,
2,
2,
3,
0,
0,
0,
2,
2,
2,
0,
0,
0,
1,
2,
2,
0,
0,
0,
0,
0,
0,
0,
0,
0,
0,
0,
0,
0,
0,
0,
0,
0,
0,
2,
3,
0,
0,
0,
0,
2,
2,
0,
0,
0,
1,
2,
2,
0,
0,
0,
3,
3,
0,
0,
0,
4,
3,
1,
0,
0,
4,
3,
3,
1,
0,
1,
4,
3,
4,
3,
0,
0,
1,
4,
4,
3,
4,
4,
4,
3,
8,
4,
3,
4,
4,
3,
4,
4,
3,
4,
3,
4,
0,
0,
0,
3,
3,
4,
3,
2,
0,
0,
2,
3,
3,
2,
0,
0,
1,
3,
3,
1,
0,
0,
0,
3,
2,
1,
0,
0,
0,
2,
2,
1,
0,
0,
0,
0,
0,
0,
0,
0,
0,
0,
0,
0,
0,
0,
0,
0,
0,
0,
0,
0,
0,
0,
2,
2,
0,
0,
0,
0,
3,
2,
0,
0,
0,
1,
3,
2,
0,
0,
0,
3,
3,
2,
0,
0,
2,
3,
3,
2,
0,
0,
3,
3,
4,
3,
0,
0,
1,
3,
4,
3,
4,
4,
3,
2,
0,
0,
0,
0,
0,
0,
0,
0,
0,
0,
0,
3,
3,
4,
3,
4,
3,
4,
0,
0,
0,
1,
4,
3,
3,
1,
0,
0,
1,
3,
2,
2,
0,
0,
0,
2,
3,
2,
0,
0,
0,
1,
2,
2,
1,
0,
0,
0,
0,
2,
2,
0,
0,
0,
0,
0,
0,
0,
0,
0,
0,
0,
0,
0,
0,
0,
0,
0,
0,
0,
0,
2,
2,
0,
0,
0,
0,
3,
3,
0,
0,
0,
1,
2,
3,
1,
0,
0,
1,
3,
3,
1,
0,
0,
1,
4,
3,
2,
0,
0,
0,
3,
4,
3,
4,
3,
0,
0,
0,
0,
2,
3,
4,
4,
7,
3,
4,
3,
4,
3,
4,
3,
1,
0,
0,
0,
0,
2,
4,
3,
3,
3,
2,
0,
0,
0,
3,
3,
3,
2,
0,
0,
0,
1,
3,
3,
0,
0,
0,
0,
2,
2,
2,
0,
0,
0,
0,
1,
2,
2,
0,
0,
0,
0,
0,
0,
0,
0,
0,
0,
0,
0,
0,
0,
0,
0,
0,
0,
0,
0,
0,
0,
0,
1,
2,
2,
0,
0,
0,
0,
2,
3,
1,
0,
0,
0,
2,
3,
2,
0,
0,
0,
2,
3,
3,
1,
0,
0,
1,
3,
4,
3,
3,
0,
0,
0,
0,
4,
3,
3,
4,
3,
4,
3,
4,
7,
3,
3,
4,
3,
4,
3,
3,
4,
3,
3,
4,
3,
1,
0,
0,
0,
0,
3,
3,
3,
3,
0,
0,
0,
0,
2,
3,
2,
2,
0,
0,
0,
0,
3,
2,
1,
0,
0,
0,
0,
2,
2,
1,
0,
0,
0,
0,
0,
0,
0,
0,
0,
0,
0,
0,
0,
0,
0,
0,
0,
0,
0,
0,
0,
0,
0,
0,
0,
0,
0,
1,
2,
2,
0,
0,
0,
0,
1,
3,
2,
0,
0,
0,
1,
3,
2,
2,
0,
0,
0,
2,
3,
3,
3,
0,
0,
0,
0,
3,
4,
3,
3,
4,
2,
0,
0,
0,
0,
0,
0,
0,
0,
0,
0,
0,
0,
0,
0,
0,
0,
0,
0,
3,
3,
3,
4,
3,
3,
0,
0,
0,
0,
1,
3,
2,
3,
1,
0,
0,
0,
1,
2,
3,
2,
0,
0,
0,
0,
1,
2,
2,
1,
0,
0,
0,
0,
0,
0,
0,
0,
0,
0,
0,
0,
0,
0,
0,
0,
0,
0,
0,
0,
0,
0,
0,
0,
0,
1,
2,
0,
0,
0,
0,
0,
3,
2,
1,
0,
0,
0,
1,
2,
3,
1,
0,
0,
0,
1,
3,
3,
2,
0,
0,
0,
1,
3,
3,
3,
3,
1,
0,
0,
0,
0,
1,
3,
4,
3,
3,
3,
4,
6,
4,
3,
3,
3,
4,
3,
3,
3,
4,
3,
3,
0,
0,
0,
0,
0,
0,
2,
3,
3,
3,
2,
0,
0,
0,
0,
1,
3,
2,
2,
0,
0,
0,
0,
0,
2,
3,
1,
0,
0,
0,
0,
0,
0,
0,
0,
0,
0,
0,
0,
0,
0,
0,
0,
0,
0,
0,
0,
0,
0,
0,
0,
0,
0,
0,
0,
0,
0,
2,
2,
1,
0,
0,
0,
0,
2,
2,
2,
0,
0,
0,
0,
2,
2,
3,
1,
0,
0,
0,
1,
3,
3,
3,
1,
0,
0,
0,
0,
2,
3,
3,
4,
3,
3,
2,
0,
0,
0,
0,
0,
0,
0,
0,
0,
0,
0,
0,
0,
0,
0,
0,
1,
3,
3,
3,
3,
3,
3,
1,
0,
0,
0,
0,
0,
3,
3,
2,
2,
0,
0,
0,
0,
0,
2,
3,
2,
0,
0,
0,
0,
0,
0,
3,
1,
0,
0,
0,
0,
0,
0,
0,
0,
0,
0,
0,
0,
0,
0,
0,
0,
0,
0,
0,
0,
0,
0,
0,
0,
0,
0,
0,
2,
2,
1,
0,
0,
0,
0,
1,
2,
3,
1,
0,
0,
0,
0,
2,
3,
2,
1,
0,
0,
0,
0,
2,
3,
3,
3,
2,
0,
0,
0,
0,
0,
0,
1,
3,
3,
4,
3,
3,
6,
3,
4,
3,
3,
3,
3,
3,
3,
3,
3,
2,
0,
0,
0,
0,
0,
0,
0,
2,
3,
3,
3,
2,
0,
0,
0,
0,
0,
0,
3,
2,
3,
0,
0,
0,
0,
0,
0,
2,
2,
2,
0,
0,
0,
0,
0,
0,
0,
0,
0,
0,
0,
0,
0,
0,
0,
0,
0,
0,
0,
0,
0,
0,
0,
0,
0,
0,
0,
0,
0,
0,
0,
1,
3,
2,
0,
0,
0,
0,
0,
1,
3,
3,
0,
0,
0,
0,
0,
2,
3,
3,
2,
0,
0,
0,
0,
0,
1,
3,
3,
3,
3,
3,
3,
0,
0,
0,
0,
0,
0,
0,
0,
0,
0,
0,
0,
0,
0,
0,
0,
0,
0,
1,
2,
3,
3,
3,
3,
3,
0,
0,
0,
0,
0,
0,
0,
3,
2,
3,
2,
0,
0,
0,
0,
0,
0,
2,
2,
2,
0,
0,
0,
0,
0,
0,
0,
0,
0,
0,
0,
0,
0,
0,
0,
0,
0,
0,
0,
0,
0,
0,
0,
0,
0,
0,
0,
0,
0,
0,
0,
0,
0,
0,
0,
0,
0,
2,
3,
1,
0,
0,
0,
0,
0,
2,
3,
2,
1,
0,
0,
0,
0,
1,
2,
3,
3,
3,
1,
0,
0,
0,
0,
0,
0,
0,
3,
3,
3,
3,
3,
3,
6,
3,
3,
3,
3,
3,
3,
3,
3,
3,
3,
3,
2,
0,
0,
0,
0,
0,
0,
0,
0,
1,
3,
2,
3,
2,
0,
0,
0,
0,
0,
0,
0,
3,
2,
2,
1,
0,
0,
0,
0,
0,
0,
0,
0,
0,
0,
0,
0,
0,
0,
0,
0,
0,
0,
0,
0,
0,
0,
0,
0,
0,
0,
0,
0,
0,
0,
0,
0,
0,
0,
0,
0,
0,
0,
0,
0,
0,
1,
3,
2,
0,
0,
0,
0,
0,
0,
2,
3,
2,
2,
0,
0,
0,
0,
0,
0,
2,
3,
3,
2,
3,
3,
0,
0,
0,
0,
0,
0,
0,
0,
0,
0,
0,
0,
0,
0,
0,
0,
0,
0,
0,
0,
0,
0,
0,
1,
3,
2,
3,
3,
2,
2,
0,
0,
0,
0,
0,
0,
0,
1,
3,
2,
2,
0,
0,
0,
0,
0,
0,
0,
0,
0,
0,
0,
0,
0,
0,
0,
0,
0,
0,
0,
0,
0,
0,
0,
0,
0,
0,
0,
0,
0,
0,
0,
0,
0,
0,
0,
0,
0,
0,
0,
0,
0,
0,
0,
0,
0,
0,
0,
0,
2,
3,
2,
0,
0,
0,
0,
0,
0,
1,
3,
2,
3,
2,
0,
0,
0,
0,
0,
0,
0,
0,
3,
3,
3,
3,
3,
2,
3,
3,
6,
3,
3,
3,
2,
3,
3,
3,
3,
2,
3,
3,
3,
3,
2,
2,
0,
0,
0,
0,
0,
0,
0,
0,
0,
2,
2,
3,
2,
1,
0,
0,
0,
0,
0,
0,
0,
1,
0,
0,
0,
0,
0,
0,
0,
0,
0,
0,
0,
0,
0,
0,
0,
0,
0,
0,
0,
0,
0,
0,
0,
0,
0,
0,
0,
0,
0,
0,
0,
0,
0,
0,
0,
0,
0,
2,
2,
0,
0,
0,
0,
0,
0,
0,
3,
2,
3,
1,
0,
0,
0,
0,
0,
0,
1,
2,
3,
3,
3,
1,
0,
0,
0,
0,
0,
0,
0,
0,
0,
0,
0,
0,
0,
0,
0,
0,
0,
0,
0,
0,
0,
0,
0,
0,
0,
0,
0,
0,
0,
0,
0,
3,
2,
3,
2,
2,
1,
0,
0,
0,
0,
0,
0,
0,
0,
3,
2,
2,
0,
0,
0,
0,
0,
0,
0,
0,
0,
0,
0,
0,
0,
0,
0,
0,
0,
0,
0,
0,
0,
0,
0,
0,
0,
0,
0,
0,
0,
0,
0,
0,
0,
0,
0,
0,
0,
0,
0,
0,
2,
3,
2,
0,
0,
0,
0,
0,
0,
0,
1,
3,
2,
3,
0,
0,
0,
0,
0,
0,
0,
0,
1,
3,
3,
3,
2,
3,
3,
2,
1,
0,
0,
0,
0,
0,
0,
0,
0,
0,
0,
0,
0,
0,
0,
0,
3,
3,
2,
3,
2,
3,
2,
3,
0,
0,
0,
0,
0,
0,
0,
0,
0,
1,
2,
2,
2,
2,
0,
0,
0,
0,
0,
0,
0,
0,
0,
0,
0,
0,
0,
0,
0,
0,
0,
0,
0,
0,
0,
0,
0,
0,
0,
0,
0,
0,
0,
0,
0,
0,
0,
0,
0,
0,
0,
0,
0,
0,
0,
0,
0,
0,
0,
0,
2,
3,
2,
0,
0,
0,
0,
0,
0,
0,
0,
2,
3,
3,
2,
1,
0,
0,
0,
0,
0,
0,
0,
0,
0,
0,
0,
2,
3,
3,
2,
6,
3,
2,
3,
3,
2,
3,
3,
2,
3,
3,
2,
0,
0,
0,
0,
0,
0,
0,
0,
0,
0,
0,
0,
0,
1,
3,
2,
2,
2,
0,
0,
0,
0,
0,
0,
0,
0,
0,
0,
0,
0,
0,
0,
0,
0,
0,
0,
0,
0,
0,
0,
0,
0,
0,
0,
0,
0,
0,
0,
0,
0,
0,
0,
0,
0,
0,
0,
0,
0,
0,
0,
0,
0,
0,
0,
0,
0,
0,
0,
0,
0,
0,
2,
3,
2,
1,
0,
0,
0,
0,
0,
0,
0,
0,
2,
2,
3,
2,
3,
2,
0,
0,
0,
0,
0,
0,
0,
0,
0,
0,
0,
0,
0,
0,
0,
0,
0,
0,
0,
0,
0,
0,
0,
0,
0,
0,
0,
0,
0,
1,
3,
2,
2,
3,
2,
1,
0,
0,
0,
0,
0,
0,
0,
0,
0,
0,
0,
0,
0,
0,
0,
0,
0,
0,
0,
0,
0,
0,
0,
0,
0,
0,
0,
0,
0,
0,
0,
0,
0,
0,
0,
0,
0,
0,
0,
0,
0,
0,
0,
0,
0,
0,
0,
0,
0,
0,
0,
0,
0,
0,
0,
0,
0,
0,
0,
0,
1,
3,
2,
2,
1,
0,
0,
0,
0,
0,
0,
0,
0,
0,
1,
2,
3,
2,
3,
3,
2,
3,
2,
3,
1,
0,
0,
0,
0,
0,
0,
0,
0,
0,
1,
2,
3,
2,
3,
2,
3,
2,
2,
3,
1,
0,
0,
0,
0,
0,
0,
0,
0,
0,
0,
0,
0,
0,
0,
0,
0,
0,
0,
0,
0,
0,
0,
0,
0,
0,
0,
0,
0,
0,
0,
0,
0,
0,
0,
0,
0,
0,
0,
0,
0,
0,
0,
0,
0,
0,
0,
0,
0,
0,
0,
0,
0,
0,
0,
0,
0,
0,
0,
0,
0,
0,
0,
0,
0,
0,
0,
0,
0,
0,
0,
2,
2,
3,
2,
1,
0,
0,
0,
0,
0,
0,
0,
0,
0,
0,
0,
0,
0,
0,
0,
2,
5,
2,
3,
2,
3,
3,
2,
3,
2,
2,
0,
0,
0,
0,
0,
0,
0,
0,
0,
0,
0,
0,
0,
0,
0,
0,
0,
1,
1,
0,
0,
0,
0,
0,
0,
0,
0,
0,
0,
0,
0,
0,
0,
0,
0,
0,
0,
0,
0,
0,
0,
0,
0,
0,
0,
0,
0,
0,
0,
0,
0,
0,
0,
0,
0,
0,
0,
0,
0,
0,
0,
0,
0,
0,
0,
0,
0,
0,
0,
0,
0,
0,
0,
0,
0,
0,
0,
0,
0,
0,
0,
0,
0,
0,
2,
2,
2,
3,
2,
3,
0,
0,
0,
0,
0,
0,
0,
0,
0,
0,
0,
0,
0,
0,
0,
0,
0,
0,
0,
0,
0,
0,
0,
0,
0,
0,
0,
0,
0,
0,
0,
0,
0,
2,
3,
2,
2,
2,
1,
0,
0,
0,
0,
0,
0,
0,
0,
0,
0,
0,
0,
0,
0,
0,
0,
0,
0,
0,
0,
0,
0,
0,
0,
0,
0,
0,
0,
0,
0,
0,
0,
0,
0,
0,
0,
0,
0,
0,
0,
0,
0,
0,
0,
0,
0,
0,
0,
0,
0,
0,
0,
0,
0,
0,
0,
0,
0,
0,
0,
0,
0,
0,
0,
0,
0,
0,
0,
0,
0,
0,
0,
2,
3,
2,
3,
2,
2,
3,
2,
3,
0,
0,
0,
0,
0,
0,
0,
0,
0,
0,
0,
0,
0,
0,
1,
3,
2,
2,
3,
2,
2,
3,
2,
2,
0,
0,
0,
0,
0,
0,
0,
0,
0,
0,
0,
0,
0,
0,
0,
0,
0,
0,
0,
0,
0,
0,
0,
0,
0,
0,
0,
0,
0,
0,
0,
0,
0,
0,
0,
0,
0,
0,
0,
0,
0,
0,
0,
0,
0,
0,
0,
0,
0,
0,
0,
0,
0,
0,
0,
0,
0,
0,
0,
0,
0,
0,
0,
0,
0,
0,
0,
3,
2,
2,
0,
0,
0,
0,
0,
0,
0,
0,
0,
0,
0,
0,
0,
0,
0,
0,
0,
2,
3,
5,
2,
2,
3,
2,
3,
2,
2,
3,
2,
3,
2,
1,
0,
0,
0,
0,
0,
0,
0,
0,
0,
0,
0,
0,
0,
0,
0,
0,
0,
0,
0,
0,
0,
0,
0,
0,
0,
0,
0,
0,
0,
0,
0,
0,
0,
0,
0,
0,
0,
0,
0,
0,
0,
0,
0,
0,
0,
0,
0,
0,
0,
0,
0,
0,
0,
0,
0,
0,
0,
0,
0,
0,
0,
0,
0,
0,
0,
0,
0,
0,
0,
0,
0,
0,
0,
0,
0,
0,
0,
0,
0,
2,
3,
2,
2,
2,
0,
0,
0,
0,
0,
0,
0,
0,
0,
0,
0,
0,
0,
0,
0,
0,
0,
0,
0,
0,
0,
0,
0,
0,
0,
0,
0,
0,
0,
0,
0,
0,
0,
0,
0,
0,
0,
0,
0,
0,
0,
0,
0,
0,
0,
0,
0,
0,
0,
0,
0,
0,
0,
0,
0,
0,
0,
0,
0,
0,
0,
0,
0,
0,
0,
0,
0,
0,
0,
0,
0,
0,
0,
0,
0,
0,
0,
0,
0,
0,
0,
0,
0,
0,
0,
0,
0,
0,
0,
0,
0,
0,
0,
0,
0,
0,
0,
0,
0,
0,
0,
0,
0,
0,
0,
0,
0,
0,
0,
0,
1,
2,
2,
2,
3,
2,
2,
2,
0,
0,
0,
0,
0,
0,
0,
0,
0,
0,
0,
0,
0,
0,
0,
0,
0,
0,
0,
0,
0,
0,
0,
0,
0,
0,
0,
0,
0,
0,
0,
0,
0,
0,
0,
0,
0,
0,
0,
0,
0,
0,
0,
0,
0,
0,
0,
0,
0,
0,
0,
0,
0,
0,
0,
0,
0,
0,
0,
0,
0,
0,
0,
0,
0,
0,
0,
0,
0,
0,
0,
0,
0,
0,
0,
0,
0,
0,
0,
0,
0,
0,
0,
0,
0,
0,
0,
0,
0,
0,
0,
0,
0,
0,
0,
0,
0,
0,
0,
0,
0,
0,
0,
0,
0,
0,
0,
0,
0,
0,
1,
2,
2,
3,
2,
2,
3,
2,
4,
3,
2,
2,
3,
2,
2,
2,
3,
2,
2,
2,
3,
0,
0,
0,
0,
0,
0,
0,
0,
0,
0,
0,
0,
0,
0,
0,
0,
0,
0,
0,
0,
0,
0,
0,
0,
0,
0,
0,
0,
0,
0,
0,
0,
0,
0,
0,
0,
0,
0,
0,
0,
0,
0,
