1231,
1231,
1123,
1123,
1123,
1123,
1015,
1015,
1015,
1015,
907,
907,
907,
907,
799,
799,
799,
799,
691,
691,
691,
582,
582,
582,
582,
474,
474,
474,
474,
366,
366,
366,
366,
258,
258,
258,
149,
149,
149,
40,
40,
41,
42,
43,
44,
45,
46,
47,
48,
49,
50,
51,
52,
52,
165,
166,
167,
168,
169,
60,
60,
61,
62,
63,
64,
65,
66,
67,
68,
68,
181,
181,
181,
293,
293,
406,
406,
406,
519,
519,
519,
632,
632,
632,
746,
746,
746,
746,
858,
858,
971,
971,
971,
1085,
1085,
1085,
1085,
1197,
1197,
1310,
1310,
1310,
1424,
1424,
1424,
1424,
1537,
1537,
1537,
1650,
1650,
1231,
1231,
1231,
1123,
1123,
1123,
1123,
1015,
1015,
1015,
1015,
907,
907,
907,
907,
799,
799,
799,
799,
691,
691,
691,
582,
582,
582,
582,
474,
474,
474,
474,
366,
366,
366,
366,
258,
258,
258,
149,
149,
150,
151,
152,
153,
154,
155,
156,
157,
158,
159,
160,
161,
162,
163,
164,
165,
166,
167,
168,
169,
170,
171,
172,
173,
174,
175,
176,
177,
178,
179,
180,
181,
181,
293,
293,
406,
406,
406,
519,
519,
519,
632,
632,
632,
746,
746,
746,
746,
858,
858,
971,
971,
971,
1085,
1085,
1085,
1085,
1197,
1197,
1310,
1310,
1310,
1424,
1424,
1424,
1424,
1537,
1537,
1537,
1650,
1650,
1650,
1231,
1231,
1231,
1231,
1123,
1123,
1123,
1123,
1015,
1015,
1015,
1015,
907,
907,
907,
907,
799,
799,
799,
799,
691,
691,
691,
582,
582,
582,
582,
474,
474,
474,
474,
366,
366,
366,
367,
258,
258,
259,
260,
261,
262,
263,
264,
265,
266,
267,
268,
269,
270,
271,
272,
273,
274,
275,
276,
277,
278,
279,
280,
281,
282,
283,
284,
285,
286,
287,
288,
289,
290,
291,
292,
293,
293,
406,
406,
406,
519,
519,
519,
632,
632,
632,
746,
746,
746,
746,
858,
858,
971,
971,
971,
1085,
1085,
1085,
1085,
1197,
1197,
1310,
1310,
1310,
1424,
1424,
1424,
1424,
1537,
1537,
1537,
1650,
1650,
1650,
1764,
1340,
1231,
1231,
1231,
1231,
1123,
1123,
1123,
1123,
1015,
1015,
1015,
1015,
907,
907,
907,
907,
799,
799,
799,
799,
691,
691,
691,
582,
582,
582,
582,
474,
474,
474,
475,
366,
366,
367,
368,
369,
370,
371,
372,
373,
374,
375,
376,
377,
378,
379,
380,
381,
382,
383,
384,
385,
386,
387,
388,
389,
390,
391,
392,
393,
394,
395,
396,
397,
398,
399,
400,
401,
402,
403,
404,
405,
406,
406,
519,
519,
519,
632,
632,
632,
746,
746,
746,
746,
858,
858,
971,
971,
971,
1085,
1085,
1085,
1085,
1197,
1197,
1310,
1310,
1310,
1424,
1424,
1424,
1424,
1537,
1537,
1537,
1650,
1650,
1650,
1764,
1764,
1340,
1340,
1231,
1231,
1231,
1231,
1123,
1123,
1123,
1123,
1015,
1015,
1015,
1015,
907,
907,
907,
907,
799,
799,
799,
799,
691,
691,
691,
582,
582,
582,
583,
474,
474,
475,
476,
477,
478,
479,
480,
481,
482,
483,
484,
485,
486,
487,
488,
489,
490,
491,
492,
493,
494,
495,
496,
497,
498,
499,
500,
501,
502,
503,
504,
505,
506,
507,
508,
509,
510,
511,
512,
513,
514,
515,
516,
517,
518,
519,
519,
632,
632,
632,
746,
746,
746,
746,
858,
858,
971,
971,
971,
1085,
1085,
1085,
1085,
1197,
1197,
1310,
1310,
1310,
1424,
1424,
1424,
1424,
1537,
1537,
1537,
1650,
1650,
1650,
1764,
1764,
1764,
1340,
1340,
1340,
1231,
1231,
1231,
1231,
1123,
1123,
1123,
1123,
1015,
1015,
1015,
1015,
907,
907,
907,
907,
799,
799,
799,
799,
691,
691,
691,
582,
582,
583,
584,
585,
586,
587,
588,
589,
590,
591,
592,
593,
594,
595,
596,
597,
598,
599,
600,
601,
602,
603,
604,
605,
606,
607,
608,
609,
610,
611,
612,
613,
614,
615,
616,
617,
618,
619,
620,
621,
622,
623,
624,
625,
626,
627,
628,
629,
630,
631,
632,
632,
745,
746,
746,
746,
858,
858,
971,
971,
971,
1085,
1085,
1085,
1085,
1197,
1197,
1310,
1310,
1310,
1424,
1424,
1424,
1424,
1537,
1537,
1537,
1650,
1650,
1650,
1764,
1764,
1764,
1764,
1446,
1340,
1340,
1340,
1231,
1231,
1231,
1231,
1123,
1123,
1123,
1123,
1015,
1015,
1015,
1015,
907,
907,
907,
907,
799,
799,
799,
800,
691,
691,
692,
693,
694,
695,
696,
697,
698,
699,
700,
701,
702,
703,
704,
705,
706,
707,
708,
709,
710,
711,
712,
713,
714,
715,
716,
717,
718,
719,
720,
721,
722,
723,
724,
725,
726,
727,
728,
729,
730,
731,
732,
733,
734,
735,
736,
737,
738,
739,
740,
741,
742,
743,
744,
745,
746,
746,
858,
858,
971,
971,
971,
1085,
1085,
1085,
1085,
1197,
1197,
1310,
1310,
1310,
1424,
1424,
1424,
1424,
1537,
1537,
1537,
1650,
1650,
1650,
1764,
1764,
1764,
1764,
1877,
1446,
1446,
1340,
1340,
1340,
1231,
1231,
1231,
1231,
1123,
1123,
1123,
1123,
1015,
1015,
1015,
1015,
907,
907,
907,
908,
799,
799,
800,
801,
802,
803,
804,
805,
806,
807,
808,
809,
810,
811,
812,
813,
814,
815,
816,
817,
818,
819,
820,
821,
822,
823,
824,
825,
826,
827,
828,
829,
830,
831,
832,
833,
834,
835,
836,
837,
838,
839,
840,
841,
842,
843,
844,
845,
846,
847,
848,
849,
850,
851,
852,
853,
854,
855,
856,
857,
858,
858,
971,
971,
971,
1085,
1085,
1085,
1085,
1197,
1197,
1310,
1310,
1310,
1424,
1424,
1424,
1424,
1537,
1537,
1537,
1650,
1650,
1650,
1764,
1764,
1764,
1764,
1877,
1877,
1446,
1446,
1446,
1340,
1340,
1340,
1231,
1231,
1231,
1231,
1123,
1123,
1123,
1123,
1015,
1015,
1015,
1016,
907,
907,
908,
909,
910,
911,
912,
913,
914,
915,
916,
917,
918,
919,
920,
921,
922,
923,
924,
925,
926,
927,
928,
929,
930,
931,
932,
933,
934,
935,
936,
937,
938,
939,
940,
941,
942,
943,
944,
945,
946,
947,
948,
949,
950,
951,
952,
953,
954,
955,
956,
957,
958,
959,
960,
961,
962,
963,
964,
965,
966,
967,
968,
969,
970,
971,
971,
1084,
1085,
1085,
1085,
1197,
1197,
1310,
1310,
1310,
1424,
1424,
1424,
1424,
1537,
1537,
1537,
1650,
1650,
1650,
1764,
1764,
1764,
1764,
1877,
1877,
1877,
1446,
1446,
1446,
1446,
1340,
1340,
1340,
1231,
1231,
1231,
1231,
1123,
1123,
1123,
1124,
1015,
1015,
1016,
1017,
1018,
1019,
1020,
1021,
1022,
1023,
1024,
1025,
1026,
1027,
1028,
1029,
1030,
1031,
1032,
1033,
1034,
1035,
1036,
1037,
1038,
1039,
1040,
1041,
1042,
1043,
1044,
1045,
1046,
1047,
1048,
1049,
1050,
1051,
1052,
1053,
1054,
1055,
1056,
1057,
1058,
1059,
1060,
1061,
1062,
1063,
1064,
1065,
1066,
1067,
1068,
1069,
1070,
1071,
1072,
1073,
1074,
1075,
1076,
1077,
1078,
1079,
1080,
1081,
1082,
1083,
1084,
1085,
1085,
1197,
1197,
1310,
1310,
1310,
1424,
1424,
1424,
1424,
1537,
1537,
1537,
1650,
1650,
1650,
1764,
1764,
1764,
1764,
1877,
1877,
1877,
1990,
1446,
1446,
1446,
1446,
1446,
1340,
1340,
1340,
1231,
1231,
1231,
1231,
1123,
1123,
1124,
1125,
1126,
1127,
1128,
1129,
1130,
1131,
1132,
1133,
1134,
1135,
1136,
1137,
1138,
1139,
1140,
1141,
1142,
1143,
1144,
1145,
1146,
1147,
1148,
1149,
1150,
1151,
1152,
1153,
1154,
1155,
1156,
1157,
1158,
1159,
1160,
1161,
1162,
1163,
1164,
1165,
1166,
1167,
1168,
1169,
1170,
1171,
1172,
1173,
1174,
1175,
1176,
1177,
1178,
1179,
1180,
1181,
1182,
1183,
1184,
1185,
1186,
1187,
1188,
1189,
1190,
1191,
1192,
1193,
1194,
1195,
1196,
1197,
1197,
1310,
1310,
1310,
1424,
1424,
1424,
1424,
1537,
1537,
1537,
1650,
1650,
1650,
1764,
1764,
1764,
1764,
1877,
1877,
1877,
1990,
1990,
1446,
1446,
1446,
1446,
1446,
1449,
1340,
1340,
1340,
1231,
1231,
1231,
1233,
1233,
1235,
1236,
1237,
1238,
1239,
1240,
1241,
1242,
1243,
1244,
1245,
1246,
1247,
1248,
1249,
1250,
1251,
1252,
1253,
1254,
1255,
1256,
1257,
1258,
1259,
1260,
1261,
1262,
1263,
1264,
1265,
1266,
1267,
1268,
1269,
1270,
1271,
1272,
1273,
1274,
1275,
1276,
1277,
1278,
1279,
1280,
1281,
1282,
1283,
1284,
1285,
1286,
1287,
1288,
1289,
1290,
1291,
1292,
1293,
1294,
1295,
1296,
1297,
1298,
1299,
1300,
1301,
1302,
1303,
1304,
1305,
1306,
1307,
1308,
1309,
1310,
1310,
1423,
1424,
1424,
1424,
1537,
1537,
1537,
1650,
1650,
1650,
1764,
1764,
1764,
1764,
1877,
1877,
1877,
1990,
1990,
1990,
1555,
1446,
1446,
1446,
1446,
1449,
1449,
1340,
1340,
1340,
1342,
1343,
1343,
1345,
1346,
1347,
1348,
1349,
1350,
1351,
1352,
1353,
1354,
1355,
1356,
1357,
1358,
1359,
1360,
1361,
1362,
1363,
1364,
1365,
1366,
1367,
1368,
1369,
1370,
1371,
1372,
1373,
1374,
1375,
1376,
1377,
1378,
1379,
1380,
1381,
1382,
1383,
1384,
1385,
1386,
1387,
1388,
1389,
1390,
1391,
1392,
1393,
1394,
1395,
1396,
1397,
1398,
1399,
1400,
1401,
1402,
1403,
1404,
1405,
1406,
1407,
1408,
1409,
1410,
1411,
1412,
1413,
1414,
1415,
1416,
1417,
1418,
1419,
1420,
1421,
1422,
1423,
1424,
1424,
1537,
1537,
1537,
1650,
1650,
1650,
1764,
1764,
1764,
1764,
1877,
1877,
1877,
1990,
1990,
1990,
2103,
1555,
1555,
1446,
1446,
1446,
1449,
1449,
1449,
1452,
1452,
1453,
1453,
1455,
1455,
1457,
1458,
1459,
1460,
1461,
1462,
1463,
1464,
1465,
1466,
1467,
1468,
1469,
1470,
1471,
1472,
1473,
1474,
1475,
1476,
1477,
1478,
1479,
1480,
1481,
1482,
1483,
1484,
1485,
1486,
1487,
1488,
1489,
1490,
1491,
1492,
1493,
1494,
1495,
1496,
1497,
1498,
1499,
1500,
1501,
1502,
1503,
1504,
1505,
1506,
1507,
1508,
1509,
1510,
1511,
1512,
1513,
1514,
1515,
1516,
1517,
1518,
1519,
1520,
1521,
1522,
1523,
1524,
1525,
1526,
1527,
1528,
1529,
1530,
1531,
1532,
1533,
1534,
1535,
1536,
1537,
1537,
1650,
1650,
1650,
1764,
1764,
1764,
1764,
1877,
1877,
1877,
1990,
1990,
1990,
2103,
2103,
1555,
1555,
1555,
1558,
1558,
1559,
1559,
1561,
1562,
1562,
1564,
1565,
1565,
1567,
1568,
1569,
1570,
1571,
1572,
1572,
1574,
1575,
1576,
1577,
1578,
1579,
1580,
1581,
1582,
1583,
1584,
1585,
1586,
1587,
1588,
1589,
1590,
1591,
1592,
1593,
1594,
1595,
1596,
1597,
1598,
1599,
1600,
1601,
1602,
1603,
1604,
1605,
1606,
1607,
1608,
1609,
1610,
1611,
1612,
1613,
1614,
1615,
1616,
1617,
1618,
1619,
1620,
1621,
1622,
1623,
1624,
1625,
1626,
1627,
1628,
1629,
1630,
1631,
1632,
1633,
1634,
1635,
1636,
1637,
1638,
1639,
1640,
1641,
1642,
1643,
1644,
1645,
1646,
1647,
1648,
1649,
1650,
1650,
1762,
1764,
1764,
1764,
1877,
1877,
1877,
1990,
1990,
1990,
2103,
2103,
2103,
1555,
1667,
1667,
1667,
1670,
1670,
1671,
1671,
1673,
1674,
1674,
1676,
1677,
1677,
1679,
1680,
1681,
1682,
1682,
1684,
1684,
1686,
1687,
1688,
1689,
1690,
1691,
1692,
1693,
1694,
1695,
1696,
1697,
1698,
1699,
1700,
1701,
1702,
1703,
1704,
1705,
1706,
1707,
1708,
1709,
1710,
1711,
1712,
1713,
1714,
1715,
1716,
1717,
1718,
1719,
1720,
1721,
1722,
1723,
1724,
1725,
1726,
1727,
1728,
1729,
1730,
1731,
1732,
1733,
1734,
1735,
1736,
1737,
1738,
1739,
1740,
1741,
1742,
1743,
1744,
1745,
1746,
1747,
1748,
1749,
1750,
1751,
1752,
1753,
1754,
1755,
1756,
1757,
1757,
1759,
1760,
1761,
1762,
1762,
1764,
1764,
1877,
1877,
1877,
1990,
1990,
1990,
2103,
2103,
2103,
2216,
1887,
1667,
1779,
1779,
1779,
1782,
1782,
1783,
1783,
1786,
1786,
1786,
1788,
1789,
1789,
1791,
1792,
1793,
1794,
1795,
1796,
1797,
1798,
1799,
1800,
1801,
1802,
1803,
1804,
1805,
1806,
1807,
1808,
1809,
1810,
1811,
1812,
1813,
1814,
1815,
1816,
1817,
1818,
1819,
1820,
1821,
1822,
1823,
1824,
1825,
1826,
1827,
1828,
1829,
1830,
1831,
1832,
1833,
1834,
1835,
1836,
1837,
1838,
1839,
1840,
1841,
1842,
1843,
1844,
1845,
1846,
1847,
1848,
1849,
1850,
1851,
1852,
1853,
1854,
1855,
1856,
1857,
1858,
1859,
1860,
1861,
1862,
1863,
1864,
1865,
1866,
1867,
1868,
1869,
1870,
1871,
1872,
1872,
1874,
1875,
1875,
1877,
1877,
1990,
1990,
1990,
2103,
2103,
2103,
2216,
2216,
1887,
1888,
1888,
1891,
1891,
1892,
1892,
1894,
1895,
1895,
1898,
1898,
1899,
1899,
1901,
1902,
1903,
1904,
1904,
1906,
1907,
1908,
1909,
1910,
1911,
1912,
1913,
1914,
1915,
1916,
1917,
1918,
1919,
1920,
1921,
1922,
1923,
1924,
1925,
1926,
1927,
1928,
1929,
1930,
1931,
1932,
1933,
1934,
1935,
1936,
1937,
1938,
1939,
1940,
1941,
1942,
1943,
1944,
1945,
1946,
1947,
1948,
1949,
1950,
1951,
1952,
1953,
1954,
1955,
1956,
1957,
1958,
1959,
1960,
1961,
1962,
1963,
1964,
1965,
1966,
1967,
1968,
1969,
1970,
1971,
1972,
1973,
1974,
1975,
1976,
1976,
1978,
1979,
1980,
1981,
1981,
1983,
1984,
1984,
1986,
1987,
1987,
1989,
1990,
1990,
2103,
2103,
2103,
2216,
2216,
2216,
1999,
1999,
2000,
2000,
2003,
2003,
2004,
2004,
2007,
2007,
2008,
2008,
2010,
2011,
2011,
2013,
2014,
2015,
2016,
2017,
2018,
2019,
2019,
2021,
2022,
2023,
2024,
2025,
2026,
2027,
2028,
2029,
2030,
2031,
2032,
2033,
2034,
2035,
2036,
2037,
2038,
2039,
2040,
2041,
2042,
2043,
2044,
2045,
2046,
2047,
2048,
2049,
2050,
2051,
2052,
2053,
2054,
2055,
2056,
2057,
2058,
2059,
2060,
2061,
2062,
2063,
2064,
2065,
2066,
2067,
2068,
2069,
2070,
2071,
2072,
2073,
2074,
2075,
2076,
2077,
2078,
2079,
2080,
2081,
2082,
2083,
2084,
2085,
2086,
2087,
2088,
2088,
2090,
2091,
2091,
2093,
2094,
2094,
2096,
2097,
2097,
2099,
2100,
2100,
2103,
2103,
2103,
2216,
2216,
2216,
2330,
1999,
1999,
2112,
2112,
2112,
2115,
2115,
2116,
2117,
2117,
2119,
2120,
2120,
2122,
2123,
2123,
2125,
2126,
2126,
2128,
2129,
2129,
2131,
2132,
2133,
2134,
2135,
2136,
2137,
2138,
2139,
2140,
2141,
2142,
2143,
2144,
2145,
2146,
2147,
2148,
2149,
2150,
2151,
2152,
2153,
2154,
2155,
2156,
2157,
2158,
2159,
2160,
2161,
2162,
2163,
2164,
2165,
2166,
2167,
2168,
2169,
2170,
2171,
2172,
2173,
2174,
2175,
2176,
2177,
2178,
2179,
2180,
2181,
2182,
2183,
2184,
2185,
2186,
2187,
2188,
2189,
2190,
2191,
2192,
2193,
2194,
2195,
2196,
2197,
2198,
2199,
2200,
2200,
2202,
2203,
2203,
2205,
2206,
2206,
2208,
2209,
2210,
2210,
2212,
2213,
2213,
2216,
2216,
2216,
2330,
2330,
2333,
2333,
2112,
2224,
2224,
2225,
2225,
2228,
2228,
2229,
2229,
2231,
2232,
2232,
2235,
2235,
2236,
2236,
2238,
2239,
2240,
2241,
2242,
2243,
2244,
2245,
2246,
2247,
2248,
2249,
2250,
2251,
2252,
2253,
2254,
2255,
2256,
2257,
2258,
2259,
2260,
2261,
2262,
2263,
2264,
2265,
2266,
2267,
2268,
2269,
2270,
2271,
2272,
2273,
2274,
2275,
2276,
2277,
2278,
2279,
2280,
2281,
2282,
2283,
2284,
2285,
2286,
2287,
2288,
2289,
2290,
2291,
2292,
2293,
2294,
2295,
2296,
2297,
2298,
2299,
2300,
2301,
2302,
2303,
2304,
2305,
2306,
2307,
2307,
2309,
2310,
2310,
2312,
2313,
2314,
2315,
2316,
2316,
2318,
2319,
2319,
2321,
2322,
2323,
2323,
2325,
2326,
2327,
2327,
2330,
2330,
2333,
2333,
2333,
2333,
2336,
2336,
2337,
2337,
2340,
2340,
2341,
2341,
2344,
2344,
2345,
2345,
2347,
2348,
2348,
2350,
2351,
2351,
2353,
2354,
2354,
2356,
2357,
2358,
2359,
2360,
2361,
2362,
2363,
2364,
2365,
2366,
2367,
2368,
2369,
2370,
2371,
2372,
2373,
2374,
2375,
2376,
2377,
2378,
2379,
2380,
2381,
2382,
2383,
2384,
2385,
2386,
2387,
2388,
2389,
2390,
2391,
2392,
2393,
2394,
2395,
2396,
2397,
2398,
2399,
2400,
2401,
2402,
2403,
2404,
2405,
2406,
2407,
2408,
2409,
2410,
2411,
2412,
2413,
2414,
2415,
2416,
2416,
2418,
2419,
2419,
2421,
2422,
2422,
2424,
2425,
2425,
2427,
2428,
2428,
2431,
2431,
2432,
2432,
2435,
2435,
2436,
2436,
2439,
2439,
2440,
2440,
2444,
2444,
2444,
2445,
2445,
2336,
2449,
2449,
2450,
2450,
2453,
2453,
2454,
2454,
2456,
2457,
2457,
2460,
2460,
2461,
2462,
2463,
2464,
2464,
2466,
2467,
2468,
2469,
2470,
2471,
2472,
2473,
2474,
2475,
2476,
2477,
2478,
2479,
2480,
2481,
2482,
2483,
2484,
2485,
2486,
2487,
2488,
2489,
2490,
2491,
2492,
2493,
2494,
2495,
2496,
2497,
2498,
2499,
2500,
2501,
2502,
2503,
2504,
2505,
2506,
2507,
2508,
2509,
2510,
2511,
2512,
2513,
2514,
2515,
2516,
2517,
2518,
2519,
2520,
2521,
2522,
2523,
2524,
2525,
2526,
2527,
2528,
2529,
2530,
2531,
2531,
2533,
2534,
2535,
2535,
2537,
2538,
2538,
2540,
2541,
2541,
2544,
2544,
2545,
2546,
2546,
2549,
2549,
2550,
2550,
2440,
2444,
2444,
2444,
2557,
2557,
2558,
2558,
2561,
2561,
2562,
2562,
2565,
2565,
2566,
2566,
2569,
2569,
2570,
2570,
2572,
2573,
2573,
2575,
2576,
2577,
2578,
2579,
2580,
2581,
2582,
2583,
2584,
2585,
2586,
2587,
2588,
2589,
2590,
2591,
2592,
2593,
2594,
2595,
2596,
2597,
2598,
2599,
2600,
2601,
2602,
2603,
2604,
2605,
2606,
2607,
2608,
2609,
2610,
2611,
2612,
2613,
2614,
2615,
2616,
2617,
2618,
2619,
2620,
2621,
2622,
2623,
2624,
2625,
2626,
2627,
2628,
2629,
2630,
2631,
2632,
2633,
2634,
2635,
2636,
2637,
2637,
2639,
2640,
2641,
2642,
2643,
2644,
2644,
2646,
2647,
2647,
2650,
2650,
2651,
2651,
2654,
2654,
2655,
2655,
2658,
2658,
2659,
2659,
2550,
2550,
2773,
2444,
2444,
2557,
2557,
2669,
2669,
2670,
2670,
2561,
2674,
2674,
2674,
2677,
2677,
2678,
2679,
2679,
2681,
2682,
2682,
2685,
2685,
2686,
2686,
2688,
2689,
2689,
2691,
2692,
2693,
2694,
2695,
2695,
2697,
2698,
2699,
2700,
2701,
2702,
2703,
2704,
2705,
2706,
2707,
2708,
2709,
2710,
2711,
2712,
2713,
2714,
2715,
2716,
2717,
2718,
2719,
2720,
2721,
2722,
2723,
2724,
2725,
2726,
2727,
2728,
2729,
2730,
2731,
2732,
2733,
2734,
2735,
2736,
2737,
2738,
2739,
2740,
2741,
2742,
2743,
2743,
2745,
2746,
2746,
2748,
2749,
2750,
2751,
2752,
2753,
2753,
2755,
2756,
2756,
2759,
2759,
2760,
2760,
2763,
2763,
2764,
2764,
2767,
2767,
2768,
2769,
2769,
2659,
2773,
2773,
2773,
2444,
2890,
2890,
2890,
2669,
2781,
2781,
2782,
2783,
2783,
2786,
2786,
2787,
2787,
2790,
2790,
2791,
2791,
2794,
2794,
2795,
2795,
2797,
2798,
2799,
2799,
2801,
2802,
2802,
2804,
2805,
2806,
2807,
2808,
2809,
2810,
2811,
2812,
2813,
2814,
2815,
2816,
2817,
2818,
2819,
2820,
2821,
2822,
2823,
2824,
2825,
2826,
2827,
2828,
2829,
2830,
2831,
2832,
2833,
2834,
2835,
2836,
2837,
2838,
2839,
2840,
2841,
2842,
2843,
2844,
2845,
2846,
2847,
2848,
2849,
2850,
2851,
2852,
2853,
2854,
2855,
2855,
2857,
2858,
2858,
2860,
2861,
2862,
2862,
2864,
2865,
2866,
2866,
2868,
2869,
2869,
2872,
2872,
2873,
2874,
2874,
2877,
2877,
2878,
2878,
2769,
2882,
2882,
2883,
2883,
2773,
2890,
2890,
2890,
2890,
2890,
2890,
2781,
2894,
2894,
2895,
2895,
2898,
2898,
2899,
2900,
2900,
2903,
2903,
2904,
2904,
2906,
2907,
2908,
2908,
2910,
2911,
2912,
2913,
2914,
2915,
2915,
2917,
2918,
2919,
2920,
2921,
2922,
2923,
2924,
2925,
2926,
2927,
2928,
2929,
2930,
2931,
2932,
2933,
2934,
2935,
2936,
2937,
2938,
2939,
2940,
2941,
2942,
2943,
2944,
2945,
2946,
2947,
2948,
2949,
2950,
2951,
2952,
2953,
2954,
2955,
2956,
2957,
2958,
2959,
2960,
2961,
2962,
2963,
2964,
2965,
2966,
2967,
2967,
2969,
2970,
2971,
2971,
2973,
2974,
2975,
2975,
2977,
2978,
2979,
2979,
2981,
2982,
2983,
2983,
2986,
2986,
2987,
2987,
2878,
2991,
2991,
2992,
2992,
2883,
2883,
2883,
2890,
2890,
2890,
2890,
3002,
3002,
3003,
3003,
2894,
3007,
3007,
3008,
3008,
3011,
3011,
3012,
3013,
3013,
3015,
3016,
3017,
3017,
3019,
3020,
3021,
3021,
3023,
3024,
3025,
3025,
3027,
3028,
3028,
3030,
3031,
3032,
3033,
3034,
3035,
3036,
3037,
3038,
3039,
3040,
3041,
3042,
3043,
3044,
3045,
3046,
3047,
3048,
3049,
3050,
3051,
3052,
3053,
3054,
3055,
3056,
3057,
3058,
3059,
3060,
3061,
3062,
3063,
3064,
3065,
3066,
3067,
3068,
3069,
3070,
3071,
3072,
3073,
3074,
3075,
3076,
3076,
3078,
3079,
3080,
3080,
3082,
3083,
3083,
3086,
3086,
3087,
3088,
3088,
3090,
3091,
3092,
3092,
3095,
3095,
3096,
3096,
2987,
3100,
3100,
3101,
3101,
2992,
2992,
2992,
2883,
2883,
2890,
2890,
2890,
3002,
3002,
3114,
3114,
3115,
3115,
3007,
3119,
3119,
3120,
3121,
3121,
3124,
3124,
3125,
3125,
3128,
3128,
3129,
3130,
3130,
3132,
3133,
3134,
3134,
3136,
3137,
3138,
3138,
3140,
3141,
3142,
3143,
3144,
3145,
3146,
3147,
3148,
3149,
3150,
3151,
3152,
3153,
3154,
3155,
3156,
3157,
3158,
3159,
3160,
3161,
3162,
3163,
3164,
3165,
3166,
3167,
3168,
3169,
3170,
3171,
3172,
3173,
3174,
3174,
3176,
3177,
3178,
3179,
3180,
3181,
3182,
3183,
3184,
3184,
3186,
3187,
3188,
3188,
3190,
3191,
3192,
3192,
3195,
3195,
3196,
3196,
3199,
3199,
3200,
3201,
3201,
3204,
3204,
3205,
3206,
3206,
3209,
3209,
3210,
3211,
3211,
3101,
3325,
3326,
3326,
3326,
3326,
2890,
2890,
3002,
3002,
3114,
3114,
3114,
3227,
3227,
3228,
3228,
3119,
3232,
3232,
3233,
3233,
3124,
3237,
3237,
3238,
3238,
3241,
3241,
3242,
3243,
3243,
3245,
3246,
3247,
3247,
3249,
3250,
3251,
3251,
3253,
3254,
3255,
3255,
3257,
3258,
3259,
3260,
3261,
3262,
3263,
3264,
3265,
3266,
3267,
3268,
3269,
3270,
3271,
3272,
3273,
3274,
3275,
3275,
3278,
3278,
3279,
3280,
3281,
3282,
3283,
3284,
3285,
3286,
3286,
3288,
3289,
3290,
3291,
3292,
3292,
3294,
3295,
3296,
3296,
3299,
3299,
3300,
3301,
3301,
3303,
3304,
3305,
3305,
3308,
3308,
3309,
3310,
3310,
3313,
3313,
3314,
3315,
3315,
3206,
3319,
3319,
3320,
3320,
3211,
3324,
3324,
3325,
3326,
3326,
3326,
3326,
2890,
3002,
3002,
3114,
3114,
3114,
3227,
3227,
3227,
3340,
3340,
3341,
3341,
3232,
3345,
3345,
3346,
3346,
3237,
3350,
3350,
3351,
3351,
3354,
3354,
3355,
3356,
3356,
3358,
3359,
3360,
3360,
3362,
3363,
3364,
3365,
3365,
3367,
3368,
3369,
3369,
3371,
3372,
3373,
3374,
3375,
3376,
3377,
3378,
3379,
3380,
3381,
3382,
3383,
3383,
3386,
3386,
3387,
3388,
3388,
3279,
3392,
3392,
3393,
3394,
3395,
3396,
3397,
3398,
3399,
3399,
3401,
3402,
3403,
3404,
3404,
3406,
3407,
3408,
3409,
3409,
3411,
3412,
3413,
3414,
3414,
3417,
3417,
3418,
3419,
3419,
3422,
3422,
3423,
3424,
3424,
3427,
3427,
3428,
3429,
3429,
3320,
3433,
3433,
3434,
3435,
3435,
3326,
3326,
3326,
3326,
3002,
3002,
3114,
3114,
3559,
3559,
3559,
3559,
3560,
3340,
3452,
3452,
3453,
3453,
3345,
3345,
3458,
3458,
3459,
3459,
3462,
3462,
3463,
3464,
3464,
3467,
3467,
3468,
3469,
3469,
3471,
3472,
3473,
3474,
3474,
3476,
3477,
3478,
3479,
3479,
3481,
3482,
3483,
3484,
3484,
3486,
3487,
3488,
3489,
3490,
3491,
3491,
3494,
3494,
3495,
3496,
3497,
3498,
3499,
3500,
3501,
3502,
3503,
3503,
3506,
3506,
3507,
3508,
3509,
3510,
3511,
3511,
3514,
3514,
3515,
3516,
3517,
3517,
3520,
3520,
3521,
3522,
3522,
3525,
3525,
3526,
3527,
3527,
3418,
3531,
3531,
3532,
3533,
3533,
3536,
3536,
3537,
3538,
3538,
3429,
3542,
3542,
3543,
3544,
3544,
3435,
3435,
3435,
3326,
3326,
3326,
3002,
3114,
3114,
3559,
3559,
3559,
3559,
3559,
3560,
3560,
3452,
3452,
3565,
3565,
3566,
3567,
3567,
3570,
3570,
3571,
3572,
3572,
3575,
3575,
3576,
3577,
3577,
3580,
3580,
3581,
3582,
3582,
3585,
3585,
3586,
3587,
3587,
3590,
3590,
3591,
3592,
3593,
3593,
3595,
3596,
3597,
3598,
3599,
3600,
3600,
3603,
3603,
3604,
3605,
3606,
3607,
3608,
3609,
3610,
3611,
3612,
3613,
3614,
3615,
3616,
3617,
3617,
3620,
3620,
3621,
3622,
3623,
3624,
3624,
3627,
3627,
3628,
3629,
3630,
3630,
3633,
3633,
3634,
3635,
3636,
3636,
3639,
3639,
3640,
3641,
3641,
3532,
3645,
3645,
3646,
3647,
3647,
3538,
3651,
3651,
3652,
3653,
3653,
3544,
3544,
3544,
3435,
3435,
3435,
3326,
3326,
3114,
3114,
3559,
3559,
3559,
3559,
3559,
3559,
3672,
3672,
3673,
3673,
3565,
3565,
3678,
3678,
3679,
3679,
3570,
3683,
3683,
3684,
3685,
3685,
3576,
3689,
3689,
3690,
3690,
3581,
3694,
3694,
3695,
3696,
3696,
3699,
3699,
3700,
3701,
3702,
3702,
3704,
3705,
3706,
3707,
3708,
3708,
3711,
3711,
3712,
3713,
3714,
3715,
3716,
3717,
3718,
3719,
3720,
3721,
3722,
3723,
3724,
3725,
3726,
3727,
3728,
3729,
3730,
3730,
3621,
3734,
3734,
3735,
3736,
3737,
3738,
3738,
3741,
3741,
3742,
3743,
3744,
3744,
3747,
3747,
3748,
3749,
3750,
3750,
3641,
3754,
3754,
3755,
3756,
3756,
3647,
3760,
3760,
3761,
3762,
3762,
3653,
3653,
3877,
3877,
3877,
3877,
3435,
3435,
3435,
3326,
3114,
3559,
3559,
3559,
3559,
3559,
3559,
3672,
3672,
3672,
3785,
3785,
3786,
3786,
3678,
3678,
3791,
3791,
3792,
3792,
3683,
3796,
3796,
3797,
3798,
3798,
3689,
3802,
3802,
3803,
3804,
3804,
3807,
3807,
3808,
3809,
3810,
3810,
3813,
3813,
3814,
3815,
3816,
3816,
3819,
3819,
3820,
3821,
3822,
3823,
3824,
3825,
3826,
3826,
3717,
3718,
3719,
3720,
3721,
3722,
3723,
3724,
3725,
3838,
3838,
3839,
3840,
3841,
3842,
3843,
3844,
3844,
3735,
3848,
3848,
3849,
3850,
3851,
3852,
3852,
3855,
3855,
3856,
3857,
3858,
3858,
3749,
3862,
3862,
3863,
3864,
3864,
3755,
3868,
3868,
3869,
3870,
3871,
3871,
3762,
3762,
3876,
3876,
3877,
3877,
3877,
3877,
3877,
3435,
3435,
3435,
3559,
3559,
3559,
3559,
3559,
3559,
3672,
3672,
3672,
3785,
3785,
3785,
3898,
3898,
3899,
3899,
3791,
3791,
3904,
3904,
3905,
3905,
3796,
3909,
3909,
3910,
3911,
3912,
3912,
3915,
3915,
3916,
3917,
3918,
3918,
3921,
3921,
3922,
3923,
3924,
3924,
3815,
3928,
3928,
3929,
3930,
3931,
3932,
3932,
3823,
3824,
3937,
3937,
3938,
3939,
3940,
3941,
3942,
3943,
3944,
3945,
3946,
3947,
3948,
3949,
3949,
3840,
3841,
3954,
3954,
3955,
3956,
3957,
3958,
3959,
3959,
3850,
3963,
3963,
3964,
3965,
3966,
3966,
3857,
3970,
3970,
3971,
3972,
3972,
3863,
3864,
3977,
3977,
3978,
3979,
3979,
3870,
3871,
3984,
3984,
3985,
3986,
3986,
3877,
3877,
3877,
3877,
3877,
3877,
3435,
3435,
3559,
3559,
3559,
3559,
3559,
3672,
3672,
3672,
3785,
3785,
3785,
3898,
3898,
4010,
4010,
4011,
4012,
4012,
3904,
3904,
4017,
4017,
4018,
4019,
4019,
3910,
4023,
4023,
4024,
4025,
4025,
3916,
4029,
4029,
4030,
4031,
4032,
4032,
4035,
4035,
4036,
4037,
4038,
4039,
4039,
3930,
3931,
4044,
4044,
4045,
4046,
4047,
4048,
4049,
4050,
4051,
4052,
4053,
4054,
4055,
4056,
4057,
4058,
4059,
4060,
4061,
4062,
4063,
4064,
4065,
4065,
3956,
3957,
4070,
4070,
4071,
4072,
4073,
4073,
3964,
3965,
4078,
4078,
4079,
4080,
4081,
4081,
3972,
3972,
4086,
4086,
4087,
4088,
4088,
3979,
3979,
4093,
4093,
4094,
4095,
4095,
3986,
3986,
3986,
3877,
3877,
3877,
3877,
3877,
3877,
3435,
3559,
3559,
3559,
3559,
3672,
3672,
3672,
3785,
3785,
4230,
4230,
4230,
4230,
4010,
4010,
4123,
4123,
4124,
4125,
4125,
4017,
4017,
4130,
4130,
4131,
4132,
4132,
4023,
4136,
4136,
4137,
4138,
4139,
4139,
4030,
4143,
4143,
4144,
4145,
4146,
4146,
4037,
4038,
4151,
4151,
4152,
4153,
4154,
4155,
4156,
4156,
4047,
4048,
4049,
4050,
4051,
4052,
4053,
4054,
4055,
4056,
4057,
4058,
4059,
4060,
4061,
4062,
4175,
4175,
4176,
4177,
4178,
4179,
4180,
4180,
4071,
4072,
4185,
4185,
4186,
4187,
4188,
4189,
4189,
4080,
4193,
4193,
4194,
4195,
4196,
4196,
4087,
4088,
4201,
4201,
4202,
4203,
4204,
4204,
4095,
4095,
4095,
3986,
3986,
3986,
3877,
3877,
3877,
3877,
3877,
3877,
3559,
3559,
3559,
3672,
3672,
3672,
3785,
3785,
4230,
4230,
4230,
4230,
4230,
4231,
4231,
4123,
4123,
4124,
4237,
4237,
4238,
4239,
4239,
4130,
4243,
4243,
4244,
4245,
4246,
4246,
4137,
4250,
4250,
4251,
4252,
4253,
4253,
4144,
4257,
4257,
4258,
4259,
4260,
4261,
4262,
4262,
4153,
4154,
4267,
4267,
4268,
4269,
4270,
4271,
4272,
4273,
4274,
4275,
4276,
4277,
4278,
4279,
4280,
4281,
4282,
4283,
4284,
4285,
4285,
4176,
4177,
4178,
4179,
4292,
4292,
4293,
4294,
4295,
4296,
4296,
4187,
4188,
4301,
4301,
4302,
4303,
4304,
4304,
4195,
4196,
4196,
4310,
4310,
4311,
4312,
4312,
4203,
4204,
4204,
4428,
4428,
4428,
4428,
3986,
3986,
3986,
3877,
3877,
3877,
3877,
3877,
3559,
3559,
3672,
3672,
3672,
3785,
3785,
4230,
4230,
4230,
4230,
4230,
4230,
4343,
4343,
4344,
4345,
4345,
4237,
4237,
4350,
4350,
4351,
4352,
4352,
4243,
4244,
4357,
4357,
4358,
4359,
4360,
4360,
4251,
4364,
4364,
4365,
4366,
4367,
4368,
4368,
4259,
4260,
4373,
4373,
4374,
4375,
4376,
4377,
4378,
4379,
4379,
4270,
4271,
4272,
4273,
4274,
4275,
4276,
4277,
4278,
4279,
4280,
4281,
4282,
4283,
4396,
4396,
4397,
4398,
4399,
4400,
4401,
4402,
4403,
4403,
4294,
4295,
4296,
4409,
4409,
4410,
4411,
4412,
4412,
4303,
4304,
4304,
4418,
4418,
4419,
4420,
4420,
4311,
4312,
4312,
4536,
4427,
4427,
4428,
4428,
4428,
4428,
4428,
3986,
3986,
3986,
3877,
3877,
3877,
3877,
3559,
3672,
3672,
3672,
3785,
3785,
4230,
4230,
4230,
4230,
4230,
4230,
4343,
4343,
4343,
4456,
4456,
4457,
4458,
4458,
4350,
4350,
4463,
4463,
4464,
4465,
4466,
4466,
4357,
4358,
4471,
4471,
4472,
4473,
4474,
4474,
4365,
4366,
4479,
4479,
4480,
4481,
4482,
4483,
4483,
4374,
4375,
4376,
4377,
4490,
4490,
4491,
4492,
4493,
4494,
4495,
4496,
4497,
4498,
4499,
4500,
4501,
4502,
4503,
4504,
4505,
4506,
4507,
4507,
4398,
4399,
4400,
4401,
4402,
4515,
4515,
4516,
4517,
4518,
4519,
4519,
4410,
4411,
4412,
4412,
4526,
4526,
4527,
4528,
4528,
4419,
4420,
4420,
4644,
4535,
4535,
4536,
4537,
4537,
4428,
4428,
4428,
4428,
4428,
4428,
3986,
3986,
3986,
3877,
3877,
3877,
3672,
3672,
3672,
3785,
3785,
4230,
4230,
4230,
4230,
4230,
4230,
4343,
4343,
4343,
4456,
4456,
4456,
4569,
4569,
4570,
4571,
4571,
4463,
4463,
4464,
4577,
4577,
4578,
4579,
4579,
4471,
4471,
4472,
4585,
4585,
4586,
4587,
4588,
4588,
4479,
4480,
4481,
4594,
4594,
4595,
4596,
4597,
4598,
4599,
4600,
4600,
4491,
4492,
4493,
4494,
4495,
4496,
4497,
4498,
4499,
4500,
4501,
4502,
4503,
4504,
4505,
4506,
4619,
4619,
4620,
4621,
4622,
4623,
4624,
4625,
4625,
4516,
4517,
4518,
4519,
4519,
4633,
4633,
4634,
4635,
4636,
4636,
4527,
4528,
4528,
4752,
4643,
4643,
4644,
4645,
4645,
4536,
4537,
4537,
4537,
4428,
4428,
4428,
4428,
4428,
4428,
3986,
3986,
3986,
3877,
3877,
3672,
3672,
3785,
3785,
4230,
4230,
4230,
4230,
4230,
4230,
4343,
4343,
4343,
4456,
4456,
4456,
4569,
4569,
4569,
4570,
4683,
4683,
4684,
4685,
4685,
4577,
4577,
4578,
4691,
4691,
4692,
4693,
4694,
4694,
4585,
4586,
4699,
4699,
4700,
4701,
4702,
4703,
4704,
4704,
4595,
4596,
4597,
4598,
4599,
4712,
4712,
4713,
4714,
4715,
4716,
4717,
4718,
4719,
4720,
4721,
4722,
4723,
4724,
4725,
4726,
4727,
4728,
4729,
4730,
4730,
4621,
4622,
4623,
4624,
4625,
4625,
4739,
4739,
4740,
4741,
4742,
4743,
4743,
4634,
4635,
4636,
4636,
4860,
4751,
4751,
4752,
4753,
4754,
4754,
4645,
4645,
4645,
4537,
4537,
4537,
4537,
4428,
4428,
4428,
4428,
4428,
4428,
3986,
3986,
3986,
3877,
3672,
3785,
3785,
4230,
4230,
4230,
4230,
4230,
4230,
4343,
4343,
4343,
4456,
4456,
4456,
4569,
4569,
4569,
4569,
4683,
4683,
4683,
4796,
4796,
4797,
4798,
4798,
4911,
4691,
4691,
4692,
4805,
4805,
4806,
4807,
4808,
4808,
4699,
4700,
4701,
4702,
4815,
4815,
4816,
4817,
4818,
4819,
4820,
4820,
4712,
4712,
4713,
4714,
4715,
4716,
4717,
4718,
4719,
4720,
4721,
4722,
4723,
4724,
4725,
4726,
4727,
4728,
4729,
4730,
4730,
4844,
4844,
4845,
4846,
4847,
4848,
4849,
4850,
4850,
4741,
4742,
4743,
4743,
4967,
4858,
4858,
4859,
4860,
4861,
4861,
4752,
4753,
4754,
4754,
4977,
4977,
4645,
4645,
4537,
4537,
4537,
4537,
4428,
4428,
4428,
4428,
4428,
4428,
3986,
3986,
3986,
3785,
3785,
4230,
4230,
4230,
4230,
4230,
4230,
4343,
4343,
4343,
4456,
4456,
4456,
4569,
4569,
4569,
5015,
5015,
5015,
5015,
5016,
4796,
4796,
4797,
4910,
4910,
4911,
4912,
4912,
5025,
4805,
4805,
4806,
4919,
4919,
4920,
4921,
4922,
4923,
4923,
4815,
4815,
4816,
4817,
4818,
4819,
4932,
4932,
4933,
4934,
4935,
4936,
4937,
4938,
4939,
4940,
4941,
4942,
4943,
4944,
4945,
4946,
4947,
4948,
4949,
4950,
4951,
4952,
4953,
4954,
4955,
4955,
4846,
4847,
4848,
4849,
4850,
4850,
5074,
4965,
4965,
4966,
4967,
4968,
4969,
4969,
4860,
4861,
4861,
5085,
5086,
4977,
4977,
4977,
4977,
4977,
4645,
4645,
4537,
4537,
4537,
4537,
4428,
4428,
4428,
4428,
4428,
4428,
3986,
3986,
3785,
4230,
4230,
4230,
4230,
4230,
4230,
4343,
4343,
4343,
4456,
4456,
4456,
4569,
4569,
4569,
5015,
5015,
5015,
5015,
5015,
5016,
5016,
5129,
5130,
4910,
4910,
4911,
5024,
5024,
5025,
5026,
5027,
5027,
4919,
4919,
4920,
4921,
5034,
5034,
5035,
5036,
5037,
5038,
5039,
5039,
5152,
4932,
4932,
4933,
4934,
4935,
4936,
4937,
4938,
4939,
4940,
4941,
4942,
4943,
4944,
4945,
4946,
4947,
4948,
4949,
4950,
4951,
4952,
4953,
4954,
4955,
4955,
5179,
5180,
5071,
5071,
5072,
5073,
5074,
5075,
5076,
5076,
4967,
4968,
4969,
4969,
5193,
5194,
5085,
5085,
5086,
5087,
5087,
4977,
4977,
4977,
4977,
4645,
4645,
4537,
4537,
4537,
4537,
4428,
4428,
4428,
4428,
4428,
4428,
3986,
4230,
4230,
4230,
4230,
4230,
4230,
4343,
4343,
4343,
4456,
4456,
4456,
4569,
4569,
4569,
5015,
5015,
5015,
5015,
5015,
5015,
5128,
5128,
5129,
5130,
5130,
5243,
5244,
5024,
5024,
5025,
5138,
5138,
5139,
5140,
5141,
5141,
5254,
5034,
5034,
5035,
5036,
5037,
5150,
5150,
5151,
5152,
5153,
5154,
5155,
5156,
5157,
5158,
5158,
5271,
5272,
5273,
5274,
5275,
5276,
5277,
5278,
5279,
5280,
5281,
5282,
5283,
5174,
5174,
5175,
5176,
5177,
5178,
5179,
5180,
5181,
5181,
5072,
5073,
5074,
5075,
5076,
5076,
5300,
5191,
5191,
5192,
5193,
5194,
5195,
5195,
5086,
5087,
5087,
5087,
4977,
4977,
4977,
4977,
4645,
4645,
4537,
4537,
4537,
4537,
4428,
4428,
4428,
4428,
4428,
4428,
4230,
4230,
4230,
4230,
4230,
4343,
4343,
4343,
4456,
4456,
4456,
4569,
4569,
4569,
5015,
5015,
5015,
5015,
5015,
5015,
5128,
5128,
5128,
5129,
5242,
5242,
5243,
5244,
5244,
5357,
5358,
5138,
5138,
5139,
5140,
5253,
5253,
5254,
5255,
5256,
5257,
5257,
5370,
5150,
5150,
5151,
5152,
5153,
5154,
5155,
5156,
5269,
5269,
5270,
5271,
5272,
5273,
5274,
5275,
5276,
5277,
5278,
5279,
5280,
5281,
5282,
5283,
5284,
5284,
5175,
5176,
5177,
5178,
5179,
5180,
5181,
5181,
5405,
5406,
5407,
5298,
5298,
5299,
5300,
5301,
5302,
5302,
5193,
5194,
5195,
5195,
5195,
5087,
5087,
5087,
5087,
4977,
4977,
4977,
4977,
4645,
4645,
4537,
4537,
4537,
4537,
4428,
4428,
4428,
4428,
4428,
4230,
4230,
4230,
4230,
4343,
4343,
4343,
4456,
4456,
4456,
4569,
4569,
4569,
5015,
5015,
5015,
5015,
5015,
5015,
5128,
5128,
5128,
5128,
5242,
5242,
5242,
5243,
5356,
5356,
5357,
5358,
5359,
5359,
5472,
5473,
5253,
5253,
5254,
5255,
5368,
5368,
5369,
5370,
5371,
5372,
5373,
5373,
5486,
5487,
5488,
5489,
5269,
5269,
5270,
5271,
5272,
5273,
5274,
5275,
5276,
5277,
5278,
5279,
5280,
5281,
5282,
5283,
5284,
5284,
5508,
5509,
5510,
5511,
5512,
5403,
5403,
5404,
5405,
5406,
5407,
5408,
5409,
5409,
5300,
5301,
5302,
5302,
5302,
5194,
5195,
5195,
5195,
5195,
5087,
5087,
5087,
5087,
4977,
4977,
4977,
4977,
4645,
4645,
4537,
4537,
4537,
4537,
4428,
4428,
4428,
4428,
4230,
4230,
4230,
4343,
4343,
4343,
4456,
4456,
4456,
4569,
4569,
4569,
5015,
5015,
5015,
5015,
5015,
5015,
5128,
5128,
5128,
5128,
5242,
5242,
5242,
5242,
5356,
5356,
5356,
5357,
5470,
5470,
5471,
5472,
5473,
5474,
5474,
5587,
5588,
5368,
5368,
5369,
5370,
5371,
5484,
5484,
5485,
5486,
5487,
5488,
5489,
5490,
5491,
5492,
5493,
5494,
5494,
5607,
5608,
5609,
5610,
5611,
5612,
5613,
5504,
5504,
5505,
5506,
5507,
5508,
5509,
5510,
5511,
5512,
5513,
5514,
5514,
5405,
5406,
5407,
5408,
5409,
5409,
5633,
5634,
5634,
5634,
5302,
5302,
5195,
5195,
5195,
5195,
5195,
5087,
5087,
5087,
5087,
4977,
4977,
4977,
4977,
4645,
4645,
4537,
4537,
4537,
4537,
4428,
4428,
4428,
4230,
4230,
4343,
4343,
4343,
4456,
4456,
4456,
4569,
4569,
4569,
5015,
5015,
5015,
5015,
5015,
5015,
5128,
5128,
5128,
5128,
5242,
5242,
5242,
5242,
5356,
5356,
5356,
5356,
5470,
5470,
5470,
5471,
5472,
5585,
5585,
5586,
5587,
5588,
5589,
5589,
5702,
5703,
5704,
5484,
5484,
5485,
5486,
5487,
5488,
5489,
5490,
5491,
5492,
5605,
5605,
5606,
5607,
5608,
5609,
5610,
5611,
5612,
5613,
5614,
5615,
5615,
5506,
5507,
5508,
5509,
5510,
5511,
5512,
5513,
5514,
5514,
5739,
5739,
5740,
5741,
5742,
5633,
5633,
5634,
5634,
5634,
5634,
5302,
5302,
5195,
5195,
5195,
5195,
5195,
5087,
5087,
5087,
5087,
4977,
4977,
4977,
4977,
4645,
4645,
4537,
4537,
4537,
4537,
4428,
4428,
4230,
4343,
4343,
4343,
4456,
4456,
4456,
4569,
4569,
4569,
5015,
5015,
5015,
5015,
5015,
5015,
5128,
5128,
5128,
5128,
5242,
5242,
5242,
5242,
5356,
5356,
5356,
5356,
5470,
5470,
5470,
5470,
5471,
5585,
5585,
5585,
5586,
5587,
5700,
5700,
5701,
5702,
5703,
5704,
5705,
5705,
5818,
5819,
5820,
5821,
5822,
5823,
5824,
5825,
5605,
5605,
5606,
5607,
5608,
5609,
5610,
5611,
5612,
5613,
5614,
5615,
5615,
5840,
5840,
5841,
5842,
5843,
5844,
5845,
5846,
5847,
5848,
5739,
5739,
5740,
5741,
5742,
5743,
5744,
5744,
5634,
5634,
5634,
5634,
5302,
5302,
5195,
5195,
5195,
5195,
5195,
5087,
5087,
5087,
5087,
4977,
4977,
4977,
4977,
4645,
4645,
4537,
4537,
4537,
4537,
4428,
4343,
4343,
4343,
4456,
4456,
4456,
4569,
4569,
4569,
5015,
5015,
5015,
5015,
5015,
5015,
5128,
5128,
5128,
5128,
5242,
5242,
5242,
5242,
5356,
5356,
5356,
5356,
5470,
5470,
5470,
5470,
5917,
5917,
5917,
5917,
5918,
5919,
5919,
5700,
5700,
5701,
5702,
5703,
5704,
5817,
5817,
5818,
5819,
5820,
5821,
5822,
5823,
5824,
5825,
5825,
5938,
5939,
5940,
5941,
5942,
5943,
5944,
5945,
5946,
5947,
5948,
5949,
5840,
5840,
5841,
5842,
5843,
5844,
5845,
5846,
5847,
5848,
5849,
5849,
5740,
5741,
5742,
5743,
5744,
5744,
5744,
5634,
5634,
5634,
5634,
5302,
5302,
5195,
5195,
5195,
5195,
5195,
5087,
5087,
5087,
5087,
4977,
4977,
4977,
4977,
4645,
4645,
4537,
4537,
4537,
4537,
4343,
4343,
4456,
4456,
4456,
4569,
4569,
4569,
5015,
5015,
5015,
5015,
5015,
5015,
5128,
5128,
5128,
5128,
5242,
5242,
5242,
5242,
5356,
5356,
5356,
5356,
5470,
5470,
5470,
5470,
5917,
5917,
5917,
5917,
5917,
5918,
5919,
5919,
6032,
6033,
6034,
6035,
6035,
6035,
5817,
5817,
5818,
5819,
5820,
5821,
5822,
5823,
5824,
5937,
5937,
5938,
5939,
5940,
5941,
5942,
5943,
5944,
5945,
5946,
5947,
5948,
5949,
5950,
5951,
5951,
5842,
5843,
5844,
5845,
5846,
5847,
5848,
5849,
5849,
5849,
5741,
5742,
5743,
5744,
5744,
5744,
5744,
5634,
5634,
5634,
5634,
5302,
5302,
5195,
5195,
5195,
5195,
5195,
5087,
5087,
5087,
5087,
4977,
4977,
4977,
4977,
4645,
4645,
4537,
4537,
4537,
4343,
4456,
4456,
4456,
4569,
4569,
4569,
5015,
5015,
5015,
5015,
5015,
5015,
5128,
5128,
5128,
5128,
5242,
5242,
5242,
5242,
5356,
5356,
5356,
5356,
5470,
5470,
5470,
5470,
5917,
5917,
5917,
5917,
5917,
5917,
5918,
6031,
6031,
6032,
6033,
6034,
6035,
6035,
6148,
6149,
6150,
6151,
6152,
6153,
6153,
6153,
5823,
5937,
5937,
5937,
5938,
5939,
5940,
5941,
5942,
5943,
5944,
5945,
5946,
5947,
5948,
5949,
5950,
5951,
5951,
5951,
5843,
5844,
5845,
5846,
5847,
5848,
5849,
5849,
5849,
5849,
5742,
5743,
5744,
5744,
5744,
5744,
5744,
5634,
5634,
5634,
5634,
5302,
5302,
5195,
5195,
5195,
5195,
5195,
5087,
5087,
5087,
5087,
4977,
4977,
4977,
4977,
4645,
4645,
4537,
4537,
4456,
4456,
4456,
4569,
4569,
4569,
5015,
5015,
5015,
5015,
5015,
5015,
5128,
5128,
5128,
5128,
5242,
5242,
5242,
5242,
5356,
5356,
5356,
5356,
5470,
5470,
5470,
5470,
5917,
5917,
5917,
5917,
5917,
5917,
5917,
6031,
6031,
6031,
6032,
6033,
6146,
6146,
6147,
6148,
6149,
6150,
6151,
6152,
6153,
6153,
6266,
6267,
6268,
6269,
6270,
6271,
6272,
6273,
6274,
6275,
6276,
6277,
6278,
6279,
6280,
6281,
6282,
6283,
6284,
6284,
6284,
6284,
5844,
5845,
5846,
5847,
5848,
5849,
5849,
5849,
5849,
5849,
5743,
5744,
5744,
5744,
5744,
5744,
5744,
5634,
5634,
5634,
5634,
5302,
5302,
5195,
5195,
5195,
5195,
5195,
5087,
5087,
5087,
5087,
4977,
4977,
4977,
4977,
4645,
4645,
4537,
4456,
4456,
4569,
4569,
4569,
5015,
5015,
5015,
5015,
5015,
5015,
5128,
5128,
5128,
5128,
5242,
5242,
5242,
5242,
5356,
5356,
5356,
5356,
5470,
5470,
5470,
5470,
5917,
5917,
5917,
5917,
5917,
5917,
5917,
6031,
6031,
6031,
6031,
6032,
6146,
6146,
6146,
6147,
6148,
6149,
6150,
6151,
6264,
6264,
6265,
6266,
6267,
6268,
6269,
6270,
6271,
6272,
6273,
6274,
6275,
6276,
6277,
6278,
6279,
6280,
6281,
6282,
6283,
6284,
6284,
6284,
6284,
6284,
5845,
5846,
5847,
5848,
5849,
5849,
5849,
5849,
5849,
5849,
5744,
5744,
5744,
5744,
5744,
5744,
5744,
5634,
5634,
5634,
5634,
5302,
5302,
5195,
5195,
5195,
5195,
5195,
5087,
5087,
5087,
5087,
4977,
4977,
4977,
4977,
4645,
4645,
