[[ 0.03625     0.03625     0.        ]
 [ 0.0725      0.03625     0.        ]
 [ 0.10875     0.03625     0.        ]
 [ 0.145       0.03625     0.        ]
 [ 0.03625     0.0725      0.        ]
 [ 0.0725      0.0725      0.        ]
 [ 0.10875     0.0725      0.        ]
 [ 0.145       0.0725      0.        ]
 [ 0.03625     0.10875     0.        ]
 [ 0.0725      0.10875     0.        ]
 [ 0.10875     0.10875     0.        ]
 [ 0.145       0.10875     0.        ]
 [ 0.03625     0.145       0.        ]
 [ 0.0725      0.145       0.        ]
 [ 0.10875     0.145       0.        ]
 [ 0.145       0.145       0.        ]
 [ 0.03625     0.18124999  0.        ]
 [ 0.0725      0.18124999  0.        ]
 [ 0.10875     0.18124999  0.        ]
 [ 0.145       0.18124999  0.        ]
 [ 0.03625     0.2175      0.        ]
 [ 0.0725      0.2175      0.        ]
 [ 0.10875     0.2175      0.        ]
 [ 0.145       0.2175      0.        ]]
[[ 2115.37011719  1641.01013184]
 [ 2216.92041016  1342.52075195]
 [ 2266.12182617   960.8092041 ]
 [ 2250.73876953   571.84539795]
 [ 1837.53771973  1720.64599609]
 [ 1926.03430176  1384.0189209 ]
 [ 1964.70336914   956.09552002]
 [ 1952.04150391   508.39306641]
 [ 1454.69677734  1747.46911621]
 [ 1488.76477051  1413.37426758]
 [ 1514.47973633   951.42584229]
 [ 1520.5612793    453.29998779]
 [ 1054.4296875   1722.37902832]
 [ 1024.7923584   1389.15466309]
 [ 1014.86859131   938.13604736]
 [ 1041.82189941   446.44732666]
 [  715.32342529  1648.70690918]
 [  637.84783936  1333.26342773]
 [  614.76477051   921.91107178]
 [  656.82202148   508.80960083]
 [  461.9354248   1557.37756348]
 [  394.70822144  1262.66821289]
 [  356.88418579   907.73632812]
 [  386.48443604   553.11865234]]
cal1.jpg 1 calibration frames
[[ 0.03625     0.03625     0.        ]
 [ 0.0725      0.03625     0.        ]
 [ 0.10875     0.03625     0.        ]
 [ 0.145       0.03625     0.        ]
 [ 0.03625     0.0725      0.        ]
 [ 0.0725      0.0725      0.        ]
 [ 0.10875     0.0725      0.        ]
 [ 0.145       0.0725      0.        ]
 [ 0.03625     0.10875     0.        ]
 [ 0.0725      0.10875     0.        ]
 [ 0.10875     0.10875     0.        ]
 [ 0.145       0.10875     0.        ]
 [ 0.03625     0.145       0.        ]
 [ 0.0725      0.145       0.        ]
 [ 0.10875     0.145       0.        ]
 [ 0.145       0.145       0.        ]
 [ 0.03625     0.18124999  0.        ]
 [ 0.0725      0.18124999  0.        ]
 [ 0.10875     0.18124999  0.        ]
 [ 0.145       0.18124999  0.        ]
 [ 0.03625     0.2175      0.        ]
 [ 0.0725      0.2175      0.        ]
 [ 0.10875     0.2175      0.        ]
 [ 0.145       0.2175      0.        ]]
[[ 1463.17565918  1293.28430176]
 [ 1483.03527832  1121.76367188]
 [ 1498.90332031   939.64337158]
 [ 1513.40979004   752.68695068]
 [ 1362.55615234  1344.23571777]
 [ 1381.25537109  1150.49694824]
 [ 1399.3425293    940.97869873]
 [ 1414.52624512   723.93963623]
 [ 1230.58996582  1406.67944336]
 [ 1245.55163574  1187.20214844]
 [ 1261.08666992   942.25933838]
 [ 1280.28173828   687.17340088]
 [ 1052.23120117  1482.41491699]
 [ 1053.75964355  1233.796875  ]
 [ 1065.76416016   944.2265625 ]
 [ 1089.13098145   639.33435059]
 [  823.80462646  1565.89733887]
 [  798.05377197  1287.84765625]
 [  795.27185059   946.14123535]
 [  826.26013184   582.12054443]
 [  544.22192383  1647.45629883]
 [  462.05859375  1343.58300781]
 [  425.45803833   942.7956543 ]
 [  472.2333374    514.55236816]]
cal2.jpg 2 calibration frames
[[ 0.10875     0.03625     0.        ]
 [ 0.145       0.03625     0.        ]
 [ 0.03625     0.0725      0.        ]
 [ 0.0725      0.0725      0.        ]
 [ 0.10875     0.0725      0.        ]
 [ 0.145       0.0725      0.        ]
 [ 0.03625     0.10875     0.        ]
 [ 0.0725      0.10875     0.        ]
 [ 0.10875     0.10875     0.        ]
 [ 0.145       0.10875     0.        ]
 [ 0.03625     0.145       0.        ]
 [ 0.0725      0.145       0.        ]
 [ 0.10875     0.145       0.        ]
 [ 0.145       0.145       0.        ]
 [ 0.03625     0.18124999  0.        ]
 [ 0.0725      0.18124999  0.        ]
 [ 0.10875     0.18124999  0.        ]
 [ 0.145       0.18124999  0.        ]
 [ 0.03625     0.2175      0.        ]
 [ 0.0725      0.2175      0.        ]
 [ 0.10875     0.2175      0.        ]
 [ 0.145       0.2175      0.        ]]
[[ 2136.27392578   991.55834961]
 [ 2114.41772461   589.70080566]
 [ 1703.19250488  1611.78369141]
 [ 1748.27624512  1325.03540039]
 [ 1772.40917969   982.14752197]
 [ 1765.91467285   628.39190674]
 [ 1451.35510254  1529.92797852]
 [ 1468.35693359  1269.95043945]
 [ 1480.0645752    971.3102417 ]
 [ 1480.54858398   664.80041504]
 [ 1251.44946289  1450.2689209 ]
 [ 1253.57409668  1218.63635254]
 [ 1257.03552246   962.88330078]
 [ 1261.6574707    701.17547607]
 [ 1102.24853516  1382.14245605]
 [ 1097.80810547  1177.02844238]
 [ 1098.46862793   956.34216309]
 [ 1103.55310059   731.78961182]
 [  988.55981445  1325.34924316]
 [  982.237854    1143.31335449]
 [  982.08416748   951.69830322]
 [  986.32183838   757.12475586]]
cal3.jpg 3 calibration frames
[[ 0.03625     0.03625     0.        ]
 [ 0.0725      0.03625     0.        ]
 [ 0.10875     0.03625     0.        ]
 [ 0.145       0.03625     0.        ]
 [ 0.03625     0.0725      0.        ]
 [ 0.0725      0.0725      0.        ]
 [ 0.10875     0.0725      0.        ]
 [ 0.145       0.0725      0.        ]
 [ 0.03625     0.10875     0.        ]
 [ 0.0725      0.10875     0.        ]
 [ 0.10875     0.10875     0.        ]
 [ 0.145       0.10875     0.        ]
 [ 0.03625     0.145       0.        ]
 [ 0.0725      0.145       0.        ]
 [ 0.10875     0.145       0.        ]
 [ 0.145       0.145       0.        ]
 [ 0.03625     0.18124999  0.        ]
 [ 0.0725      0.18124999  0.        ]
 [ 0.10875     0.18124999  0.        ]
 [ 0.145       0.18124999  0.        ]
 [ 0.03625     0.2175      0.        ]
 [ 0.0725      0.2175      0.        ]
 [ 0.10875     0.2175      0.        ]
 [ 0.145       0.2175      0.        ]]
[[ 1876.22460938  1560.37585449]
 [ 1804.65246582  1471.50537109]
 [ 1748.50561523  1403.51855469]
 [ 1702.6003418   1347.32861328]
 [ 1678.19335938  1585.45349121]
 [ 1629.86938477  1487.00744629]
 [ 1592.86035156  1412.4453125 ]
 [ 1563.24060059  1353.47216797]
 [ 1458.23278809  1597.22741699]
 [ 1440.82580566  1492.88269043]
 [ 1427.89733887  1416.59094238]
 [ 1417.64697266  1355.38562012]
 [ 1225.61730957  1593.39880371]
 [ 1243.58789062  1489.87866211]
 [ 1256.9708252   1412.6217041 ]
 [ 1267.46936035  1352.4901123 ]
 [ 1004.40063477  1572.97033691]
 [ 1053.72302246  1476.34912109]
 [ 1091.37536621  1403.43164062]
 [ 1121.39294434  1345.11303711]
 [  803.10339355  1539.88415527]
 [  876.78497314  1454.59033203]
 [  934.13989258  1388.58154297]
 [  980.70819092  1334.19165039]]
cal4.jpg 4 calibration frames
[[ 0.03625     0.03625     0.        ]
 [ 0.0725      0.03625     0.        ]
 [ 0.03625     0.0725      0.        ]
 [ 0.0725      0.0725      0.        ]
 [ 0.10875     0.0725      0.        ]
 [ 0.145       0.0725      0.        ]
 [ 0.03625     0.10875     0.        ]
 [ 0.0725      0.10875     0.        ]
 [ 0.10875     0.10875     0.        ]
 [ 0.145       0.10875     0.        ]
 [ 0.03625     0.145       0.        ]
 [ 0.0725      0.145       0.        ]
 [ 0.10875     0.145       0.        ]
 [ 0.145       0.145       0.        ]
 [ 0.03625     0.18124999  0.        ]
 [ 0.0725      0.18124999  0.        ]
 [ 0.10875     0.18124999  0.        ]
 [ 0.145       0.18124999  0.        ]
 [ 0.10875     0.2175      0.        ]
 [ 0.145       0.2175      0.        ]]
[[  595.1965332    326.06118774]
 [  692.91558838   412.37142944]
 [  785.69610596   285.9006958 ]
 [  865.91467285   387.35681152]
 [  926.60296631   464.31582642]
 [  974.59429932   524.7612915 ]
 [ 1013.4934082    257.47857666]
 [ 1063.18054199   371.97555542]
 [ 1099.45568848   454.80667114]
 [ 1127.22558594   519.91491699]
 [ 1272.63891602   246.6023407 ]
 [ 1280.12902832   367.13821411]
 [ 1285.19543457   454.16235352]
 [ 1288.81591797   520.38226318]
 [ 1534.0826416    260.32159424]
 [ 1497.51965332   377.02493286]
 [ 1470.97705078   461.35458374]
 [ 1450.31018066   526.28588867]
 [ 1650.61523438   476.44665527]
 [ 1608.20166016   537.78778076]]
cal5.jpg 5 calibration frames
3.58900172618
[[  1.13792265e+03   0.00000000e+00   1.31065283e+03]
 [  0.00000000e+00   1.13175601e+03   9.27896855e+02]
 [  0.00000000e+00   0.00000000e+00   1.00000000e+00]]
[[-0.01789552]
 [ 0.        ]
 [ 0.        ]
 [ 0.        ]]
